Sample Alpha Mass VelocityDispersion Radius
Pillai 0.39242407679558 285.07778930664 0.389887890625 0.46188649535179 
Pillai 0.16416296362877 1.3012420654297E+03 0.592616796875 0.45133149623871 
Pillai 1.0062627792358 147.13690185547 0.5109601953125 0.401516020298 
Pillai 0.19100123643875 1.0989288330078E+03 0.5969071875 0.43799442052841 
Pillai 0.25169783830643 321.86199951172 0.3287590625 0.42362144589424 
Pillai 0.25623780488968 133.77963256836 0.28909294921875 0.21055862307549 
Pillai 1.2718334197998 52.075290679932 0.5109601953125 0.17961052060127 
Pillai 3.2787687778473 25.139795303345 0.5754487109375 0.18315823376179 
Pillai 0.71808940172195 165.2043762207 0.7125496875 0.18114064633846 
Pillai 0.27952590584755 281.02700805664 0.5582694921875 0.18377958238125 
Pillai 0.67135643959045 60.155941009521 0.372477890625 0.17806442081928 
Pillai 1.0828256607056 21.548397064209 0.23997541015625 0.1758975237608 
Li 1.8419820070267 5.61567735672 0.4937978515625 0.029660873115063 
Li 0.71300411224365 12.167300224304 0.4047669921875 0.033898141235113 
Li 5.1193337440491 1.40391933918 0.28179810546875 0.040254041552544 
Li 21.448427200317 0.14039193093777 0.1120618359375 0.021186338737607 
Li 16.31169128418 0.23398655653 0.114206328125 0.027542239055037 
Li 3.5080716609955 2.80783867836 0.3709737890625 0.044491309672594 
Li 0.29351314902306 14.039193153381 0.24921232421875 0.031779505312443 
Li 3.3248794078827 1.87189245224 0.27070392578125 0.038135409355164 
Li 3.0168948173523 0.93594622612 0.14084143554688 0.031779505312443 
Li 2.6722419261932 4.2117581367493 0.41140546875 0.038135409355164 
Li 2.3020737171173 2.80783867836 0.27337943359375 0.042372677475214 
Li 0.30971369147301 7.48756980896 0.13557513671875 0.023304970934987 
Li 9.6918849945068 0.93594622612 0.4391144921875 0.031779505312443 
Li 0.99688398838043 12.167300224304 0.3927480859375 0.048728577792645 
Li 0.92832791805267 6.0836501121521 0.25952087890625 0.038135409355164 
Li 1.0077749490738 10.763381004333 0.3865213671875 0.038135409355164 
Li 1.2738525867462 3.74378490448 0.28607048828125 0.029660873115063 
Li 2.5203828811646 2.80783867836 0.381249375 0.029660873115063 
Li 1.0527662038803 5.61567735672 0.31164330078125 0.033898141235113 
Li 1.5201514959335 4.6797308921814 0.28436923828125 0.042372677475214 
Li 2.6116061210632 3.2758116722107 0.3475939453125 0.042372677475214 
Li 1.7314244508743 6.0836501121521 0.28351478515625 0.061440378427505 
Li 1.8101370334625 1.87189245224 0.14084143554688 0.038135409355164 
Li 5.0268421173096 1.87189245224 0.437453828125 0.031779505312443 
Li 3.5978438854218 6.0836501121521 0.4592173828125 0.067796282470226 
Li 1.0865640640259 15.911085128784 0.434671953125 0.055084478110075 
Li 9.342529296875 0.93594622612 0.3559429296875 0.038135409355164 
Li 0.72468572854996 9.3594617843628 0.2368375 0.057203114032745 
Li 3.2785878181458 6.0836501121521 0.5535463671875 0.042372677475214 
Li 2.2940208911896 2.80783867836 0.449167109375 0.021186338737607 
Lada 2.3393092155457 1.8700000047684 6.9062377929687E-03 0.10616882890463 
Lada 2.6878135204315 1.0900000333786 6.9062377929687E-03 0.071103900671005 
Lada 1.3229254484177 4.6900000572205 0.039340764160156 0.14448051154613 
Lada 1.4288431406021 3.6300001144409 0.039340764160156 0.1207792237401 
Lada 1.6580179929733 3.1400001049042 0.056988564453125 0.11590909212828 
Lada 2.012003660202 1.8700000047684 0.056988564453125 0.083766229450703 
Lada 0.9563854932785 9.2299995422363 0.071747446289063 0.18733766674995 
Lada 2.9472784996033 1.3600000143051 0.071747446289063 0.085064932703972 
Lada 1.8557691574097 3.2599999904633 0.0851333984375 0.12207791954279 
Lada 1.707030415535 2.789999961853 0.0851333984375 0.096103899180889 
Lada 4.0627999305725 1.0099999904633 0.0977123046875 0.078571431338787 
Lada 3.6738674640656 1.0800000429153 0.0977123046875 0.075974024832249 
Lada 1.0089367628098 9.7299995422363 0.12144009765625 0.168506488204 
Lada 3.9305918216705 1.4099999666214 0.12144009765625 0.095129869878292 
Lada 0.97171860933304 10.199999809265 0.12144009765625 0.17012986540794 
Lada 0.69582915306091 20.299999237061 0.13284463867187 0.22922077775002 
Lada 6.75981092453 0.77999997138977 0.14404060546875 0.080844156444073 
Lada 3.4709198474884 2.2799999713898 0.15507319335937 0.11461038887501 
Lada 2.3113059997559 3.5499999523163 0.15507319335937 0.11883117258549 
Lada 3.218859910965 2.6400001049042 0.165975 0.11623376607895 
Lada 2.4194297790527 4.6700000762939 0.165975 0.15454545617104 
Lada 4.2768878936768 1.6100000143051 0.17677017578125 0.088961042463779 
Lada 6.7224774360657 1.1000000238419 0.1874771875 0.090259738266468 
Lada 2.7279689311981 5.8600001335144 0.1981103125 0.18441557884216 
Lada 6.3746094703674 1.1399999856949 0.2191978515625 0.074999995529652 
Lada 2.8673512935638 6.710000038147 0.22966865234375 0.1879870146513 
Lada 11.539297103882 0.68999999761581 0.24009935546875 0.073701299726963 
Lada 10.225432395935 0.72000002861023 0.2504948828125 0.06461039185524 
Perseus 1.0184859037399 1.9827545881271 0.1794475390625 0.02419999986887 
Perseus 4.6862397193909 0.36319217085838 0.14938376953125 0.02419999986887 
Perseus 1.2292720079422 1.0895764827728 0.096956240234375 0.02419999986887 
Perseus 0.67538857460022 2.1789026260376 0.11728166015625 0.02419999986887 
Perseus 1.782755613327 0.70301097631454 0.081786518554688 0.02419999986887 
Perseus 3.6150279045105 0.350133061409 0.0962298046875 0.02419999986887 
Perseus 7.2864713668823 0.24165789783001 0.14566676757812 0.02419999986887 
Perseus 3.6852796077728 0.37445849180222 0.1294959765625 0.02419999986887 
Perseus 8.1700305938721 0.19634704291821 0.12505520507813 0.02419999986887 
Perseus 3.2860045433044 0.46173688769341 0.13097559570313 0.02419999986887 
Perseus 7.5193095207214 0.24165789783001 0.15239030273437 0.02419999986887 
Perseus 11.657808303833 0.27835902571678 0.26323515625 0.02419999986887 
Perseus 2.516464471817 0.74464964866638 0.1717587890625 0.02419999986887 
Perseus 3.8691694736481 0.58743566274643 0.196841953125 0.02419999986887 
Perseus 1.2946400642395 0.75357431173325 0.0497333203125 0.02419999986887 
Perseus 6.8231692314148 0.2109032869339 0.115343125 0.02419999986887 
Perseus 4.0234036445618 0.30875718593597 0.083696357421875 0.02419999986887 
Perseus 10.177903175354 0.23342832922935 0.2015915234375 0.02419999986887 
Perseus 5.7446126937866 0.2706286907196 0.13412557617187 0.02419999986887 
Perseus 3.7846591472626 0.52937817573547 0.17290927734375 0.02419999986887 
Perseus 4.9307837486267 0.28179812431335 0.11383377929687 0.02419999986887 
Perseus 1.9453468322754 1.02039706707 0.1799875390625 0.02419999986887 
Perseus 5.4772047996521 0.25615251064301 0.099463046875 0.02419999986887 
Perseus 14.738589286804 0.15070725977421 0.1736888671875 0.02419999986887 
Perseus 9.2036180496216 0.2256696075201 0.15016045898437 0.02419999986887 
Perseus 6.0623607635498 0.30170810222626 0.149573125 0.02419999986887 
Perseus 4.4532237052917 0.86703097820282 0.282323828125 0.02419999986887 
Perseus 1.578094959259 1.8262214660645 0.23325921875 0.02419999986887 
Perseus 1.686852812767 2.8755085468292 0.346796171875 0.02419999986887 
Perseus 4.4029550552368 0.52186840772629 0.19274361328125 0.02419999986887 
Perseus 2.1255514621735 1.2292863130569 0.20577951171875 0.02419999986887 
Perseus 1.0666160583496 5.8926029205322 0.4109487890625 0.02419999986887 
Perseus 1.0854421854019 1.5091595649719 0.13632889648437 0.02419999986887 
Perseus 2.5036814212799 0.66086512804031 0.12932811523437 0.02419999986887 
Perseus 2.2700161933899 0.63107877969742 0.059143159179688 0.02419999986887 
Perseus 4.8909001350403 0.35610783100128 0.12191159179687 0.02419999986887 
Perseus 4.8356528282166 0.27704215049744 0.104065390625 0.02419999986887 
Perseus 2.4127836227417 0.56359624862671 0.10909686523438 0.02419999986887 
Perseus 2.392852306366 0.47221684455872 0.054818627929687 0.02419999986887 
Perseus 2.4615752696991 0.54486560821533 0.10261618164062 0.02419999986887 
Perseus 10.574418067932 0.31353035569191 0.2805600390625 0.02419999986887 
Perseus 5.6376638412476 0.26813378930092 0.121763984375 0.02419999986887 
Perseus 6.1232538223267 0.23718728125095 0.127380859375 0.02419999986887 
Perseus 2.0461041927338 0.5544525384903 0.075158115234375 0.02419999986887 
Perseus 11.092378616333 0.17249242961407 0.16605109375 0.02419999986887 
Perseus 3.0166702270508 0.44269770383835 0.10738225585937 0.02419999986887 
Perseus 10.041709899902 0.24378131330013 0.21786560546875 0.02419999986887 
Perseus 4.2658009529114 0.33068120479584 0.1200840234375 0.02419999986887 
Perseus 4.9526324272156 0.56882303953171 0.2461999609375 0.02419999986887 
Perseus 2.7357952594757 0.55442935228348 0.13622295898437 0.02419999986887 
Perseus 2.5683243274689 0.63874238729477 0.14798016601562 0.02419999986887 
Perseus 1.5221424102783 0.84390395879745 0.111569921875 0.02419999986887 
Perseus 7.6225352287292 0.54295933246613 0.3253827734375 0.02419999986887 
Perseus 0.60714691877365 2.0503046512604 0.09967078125 0.02419999986887 
Perseus 1.4190772771835 1.9972813129425 0.2423669921875 0.02419999986887 
Perseus 54.584125518799 0.1329033523798 0.4162384765625 0.02419999986887 
Perseus 7.9793801307678 0.1785040050745 0.08217142578125 0.02419999986887 
Perseus 3.9498898983002 0.27717605233192 0.070326298828125 0.02419999986887 
Perseus 5.5022392272949 0.29216337203979 0.1167547265625 0.02419999986887 
Perseus 8.973295211792 0.19795167446136 0.10380073242187 0.02419999986887 
Perseus 32.647563934326 0.16914409399033 0.383205546875 0.02419999986887 
Perseus 9.805154800415 0.21145066618919 0.17985494140625 0.02419999986887 
Perseus 15.027751922607 0.16753140091896 0.20956271484375 0.02419999986887 
Perseus 13.677068710327 0.18860000371933 0.20373935546875 0.02419999986887 
Perseus 9.7405891418457 0.20619249343872 0.16056627929687 0.02419999986887 
Perseus 93.654571533203 0.067153006792068 0.3630206640625 0.02419999986887 
Perseus 6.2504539489746 0.36868396401405 0.20751498046875 0.02419999986887 
Perseus 4.2798089981079 0.37449887394905 0.13574604492187 0.02419999986887 
Perseus 4.025074005127 0.3572850227356 0.11672856445313 0.02419999986887 
Perseus 3.5783648490906 0.43589246273041 0.13532952148438 0.02419999986887 
DuvalGRS 0.056713502854109 235000 0.78799953125 17.5 
DuvalGRS 0.39454478025436 285000 2.1608415625 20.60000038147 
DuvalGRS 0.94428712129593 181000 3.8725265625 9.8000001907349 
DuvalGRS 0.14757736027241 141000 1.187809296875 12.39999961853 
DuvalGRS 9.5399875640869 782 1.93569171875 1.7000000476837 
DuvalGRS 0.54991436004639 49500 2.07588125 5.4000000953674 
DuvalGRS 0.57575714588165 144000 2.402966875 12.300000190735 
DuvalGRS 0.21816904842854 55400 1.111284921875 8.1999998092651 
DuvalGRS 0.44884049892426 304000 2.34774671875 21.200000762939 
DuvalGRS 0.077311955392361 488000 1.179307109375 22.799999237061 
DuvalGRS 0.58935475349426 33600 1.42157671875 8.3000001907349 
DuvalGRS 0.80499839782715 158000 2.6026046875 16.10000038147 
DuvalGRS 0.18876199424267 169000 1.277074765625 16.5 
DuvalGRS 0.40601620078087 10900 0.958195390625 4 
DuvalGRS 0.21177750825882 52200 1.111284921875 7.5 
DuvalGRS 0.46471780538559 251000 2.26279078125 19.5 
DuvalGRS 0.2049065977335 157000 1.48956984375 12.300000190735 
DuvalGRS 0.35713762044907 49300 1.540561875 6.3000001907349 
DuvalGRS 0.30054712295532 97700 1.73601359375 8.3000001907349 
DuvalGRS 0.25675803422928 223000 1.757256875 15.800000190735 
DuvalGRS 0.14316186308861 478000 1.634041875 21.799999237061 
DuvalGRS 0.71471220254898 41000 1.65528671875 9.1000003814697 
DuvalGRS 0.12835866212845 387000 1.33657875 23.5 
DuvalGRS 0.27757224440575 197000 1.6255440625 17.60000038147 
DuvalGRS 0.11979122459888 195000 1.12403984375 15.5 
DuvalGRS 0.29610466957092 86300 1.56180796875 8.8999996185303 
DuvalGRS 0.81970506906509 84800 2.34774671875 10.800000190735 
DuvalGRS 0.23855754733086 342000 1.7657540625 22.299999237061 
DuvalGRS 0.51347869634628 171000 2.1268578125 16.60000038147 
DuvalGRS 0.22509643435478 159000 1.55330953125 12.60000038147 
DuvalGRS 0.28432348370552 163000 1.73601359375 13.10000038147 
DuvalGRS 0.20679691433907 414000 1.73601359375 24.200000762939 
DuvalGRS 0.24930775165558 128000 1.51506609375 11.800000190735 
DuvalGRS 0.034785270690918 110000 0.4511291796875 13.800000190735 
DuvalGRS 0.30644875764847 120000 1.47682140625 14.300000190735 
DuvalGRS 0.37463384866714 85600 1.4810709375 12.39999961853 
DuvalGRS 0.41612905263901 95800 1.60854796875 13.10000038147 
DuvalGRS 0.24682623147964 169000 1.46407296875 16.5 
DuvalGRS 0.14095118641853 117000 1.153799921875 10.39999961853 
DuvalGRS 0.78972524404526 44800 1.791245625 9.3999996185303 
DuvalGRS 0.42171755433083 92100 1.8677184375 9.5 
DuvalGRS 0.2979231774807 107000 1.4088275 13.60000038147 
DuvalGRS 0.33079704642296 17300 0.97520859375 5 
DuvalGRS 0.2705691754818 75000 1.33657875 9.6000003814697 
DuvalGRS 0.52359688282013 21000 1.264323359375 5.8000001907349 
DuvalGRS 0.19615498185158 264000 1.38332859375 22.89999961853 
DuvalGRS 0.32618135213852 142000 1.6042990625 15.300000190735 
DuvalGRS 0.10250367969275 992000 1.64678890625 31.89999961853 
DuvalGRS 0.33093664050102 171000 1.9824225 12.300000190735 
DuvalGRS 0.36446914076805 68000 1.40032796875 10.699999809265 
DuvalGRS 0.75820338726044 64500 1.94843671875 11 
DuvalGRS 0.51854437589645 38100 1.58305359375 6.6999998092651 
DuvalGRS 0.38849294185638 236000 2.33500328125 14.39999961853 
DuvalGRS 0.3783700466156 82300 1.43007609375 12.89999961853 
DuvalGRS 0.25966674089432 200000 1.57455546875 17.799999237061 
DuvalGRS 0.3008488714695 51100 1.281325234375 7.9000000953674 
DuvalGRS 0.58437120914459 497 0.438294609375 1.1000000238419 
DuvalGRS 0.2934735417366 26900 1.12829140625 5.1999998092651 
DuvalGRS 0.39340969920158 172000 2.00366328125 14.39999961853 
DuvalGRS 0.084090650081635 269000 0.966702109375 20.10000038147 
DuvalGRS 0.40093079209328 48000 1.45557390625 7.6999998092651 
DuvalGRS 0.1374180316925 201000 1.141045859375 17.799999237061 
DuvalGRS 0.34626403450966 66500 1.323828125 11.10000038147 
DuvalGRS 0.27221509814262 213000 1.757256875 16 
DuvalGRS 0.61592197418213 42200 1.5490603125 9.1999998092651 
DuvalGRS 0.22784447669983 26800 0.89438671875 6.3000001907349 
DuvalGRS 0.28944775462151 117000 1.6255440625 10.89999961853 
DuvalGRS 0.61183393001556 37400 1.49381921875 8.6999998092651 
DuvalGRS 0.23733313381672 60700 1.2558221875 7.6999998092651 
DuvalGRS 0.19572249054909 634000 2.25429515625 20.89999961853 
DuvalGRS 0.63717538118362 58300 1.5958009375 12.39999961853 
DuvalGRS 0.31866016983986 46600 1.11553671875 10 
DuvalGRS 0.24267321825027 286000 1.70202390625 20.39999961853 
DuvalGRS 0.37887915968895 16200 0.91991203125 6 
DuvalGRS 0.36344423890114 5630 0.770971953125 2.7999999523163 
DuvalGRS 0.32068541646004 33500 1.217565859375 6.0999999046326 
DuvalGRS 0.49681749939919 3650 0.67302265625 3.2000000476837 
DuvalGRS 0.36844611167908 2780 0.60483109375 2.2000000476837 
DuvalGRS 1.73670399189 8810 1.64678890625 4.8000001907349 
DuvalGRS 0.38419932126999 101000 1.57455546875 13.300000190735 
DuvalGRS 0.28140845894814 111000 1.6382909375 9.8999996185303 
DuvalGRS 0.31884458661079 53700 1.33657875 8.1000003814697 
DuvalGRS 1.157800078392 26700 1.91445046875 7.1999998092651 
DuvalGRS 0.46695321798325 58700 1.71901890625 7.9000000953674 
DuvalGRS 0.91289120912552 16100 1.36207890625 6.6999998092651 
DuvalGRS 0.24986065924168 38800 1.0177378125 7.8000001907349 
DuvalGRS 0.76538574695587 47500 1.68502859375 10.89999961853 
DuvalGRS 0.34570202231407 281000 2.0121596875 20.5 
DuvalGRS 0.75123918056488 217000 3.2949209375 12.89999961853 
DuvalGRS 0.28240177035332 743 0.2663001953125 1.7000000476837 
DuvalGRS 0.64770078659058 303 0.343959765625 1.1000000238419 
DuvalGRS 0.37694847583771 8660 0.796512734375 4.1999998092651 
DuvalGRS 0.20890457928181 130000 1.298326640625 13.60000038147 
DuvalGRS 0.23570258915424 118000 1.285575625 14.199999809265 
DuvalGRS 0.16684260964394 243000 1.33232859375 19.299999237061 
DuvalGRS 0.10883984714746 140000 0.907149765625 15.300000190735 
DuvalGRS 0.59523993730545 1760 0.5707133984375 2.5 
DuvalGRS 0.4032019674778 38700 1.22181671875 8.8000001907349 
DuvalGRS 0.40549501776695 57400 1.49806859375 8.8000001907349 
DuvalGRS 0.9984085559845 188000 3.65168 12.10000038147 
DuvalGRS 1.2007253170013 46600 2.19907265625 9.8999996185303 
DuvalGRS 0.34218791127205 498000 2.36473765625 26.10000038147 
DuvalGRS 1.3798894882202 1660 0.907149765625 2.2999999523163 
DuvalGRS 0.31905284523964 54400 1.196311328125 10.199999809265 
DuvalGRS 0.46894013881683 59100 1.591551875 9.3000001907349 
DuvalGRS 0.71017009019852 120000 2.25854296875 14.300000190735 
DuvalGRS 0.41809856891632 25100 1.060261875 7.8000001907349 
DuvalGRS 0.31553557515144 74400 1.540561875 8.3999996185303 
DuvalGRS 0.2412219196558 185000 1.64678890625 14 
DuvalGRS 0.6078045964241 31300 1.4470746875 7.6999998092651 
DuvalGRS 0.41364434361458 66300 1.4470746875 11.10000038147 
DuvalGRS 0.64153516292572 26300 1.243070390625 9.1999998092651 
DuvalGRS 0.44497811794281 243000 2.43694828125 15.60000038147 
DuvalGRS 0.28390643000603 72700 1.213315 11.800000190735 
DuvalGRS 0.50967568159103 4140 0.647456875 4 
DuvalGRS 1.0964384078979 21100 1.70202390625 6.8000001907349 
DuvalGRS 0.44632816314697 36400 1.162302421875 10.10000038147 
DuvalGRS 0.89685308933258 11100 1.43432578125 4.0999999046326 
DuvalGRS 0.53089886903763 1600 0.5749790625 2 
DuvalGRS 0.35936716198921 111000 1.77425125 10.800000190735 
DuvalGRS 0.83608049154282 30100 1.6255440625 8.1000003814697 
DuvalGRS 0.3633608520031 291000 2.1480975 19.60000038147 
DuvalGRS 0.21738347411156 179000 1.396078125 16.89999961853 
DuvalGRS 0.58237701654434 22300 1.31957796875 6.3000001907349 
DuvalGRS 0.47305473685265 54200 1.4598234375 10.199999809265 
DuvalGRS 0.27321541309357 116000 1.37907875 14.10000038147 
DuvalGRS 0.49930348992348 43400 1.4045778125 9.3000001907349 
DuvalGRS 0.7541583776474 1330 0.6133580859375 2.0999999046326 
DuvalGRS 0.36352369189262 1520 0.4254544140625 2.2000000476837 
DuvalGRS 0.71154916286469 121000 2.5006628125 11.800000190735 
DuvalGRS 0.82694411277771 6940 1.068766171875 4.1999998092651 
DuvalGRS 0.50705218315125 48000 1.50656734375 9.1000003814697 
DuvalGRS 0.91908597946167 128000 2.6195946875 14.699999809265 
DuvalGRS 0.21882399916649 231000 1.55755875 17.700000762939 
DuvalGRS 1.1166931390762 4270 1.243070390625 2.5999999046326 
DuvalGRS 0.14555816352367 853000 1.7827484375 33.299999237061 
DuvalGRS 0.61600649356842 107000 2.0503928125 13.39999961853 
DuvalGRS 0.24873216450214 200000 1.540561875 17.799999237061 
DuvalGRS 0.44803193211555 14900 0.9369275 6.3000001907349 
DuvalGRS 0.41820451617241 173000 1.90595359375 17 
DuvalGRS 0.1894595772028 86600 1.162302421875 10.199999809265 
DuvalGRS 0.60851460695267 9360 1.0517575 4.3000001907349 
DuvalGRS 0.28558385372162 162000 1.55755875 16.200000762939 
DuvalGRS 0.51259398460388 13700 1.107033203125 4.8000001907349 
DuvalGRS 0.24420116841793 227000 1.58730265625 18.700000762939 
DuvalGRS 0.51893436908722 12900 1.026243046875 5.3000001907349 
DuvalGRS 0.21401926875114 85400 1.111284921875 12.39999961853 
DuvalGRS 0.38275614380836 634 0.32244619140625 1.5 
DuvalGRS 0.72401016950607 30700 1.5660571875 7.6999998092651 
DuvalGRS 0.49969205260277 43200 1.4853203125 8.3000001907349 
DuvalGRS 1.3832466602325 36500 2.24155171875 8.6000003814697 
DuvalGRS 0.53467708826065 1410 0.5536478125 1.8999999761581 
DuvalGRS 15.535892486572 52.799999237061 1.5235646875 0.30000001192093 
DuvalGRS 0.60895496606827 54500 1.68077984375 10 
DuvalGRS 0.088542401790619 52100 0.416890859375 19 
DuvalGRS 0.97101312875748 25800 1.697775 7.4000000953674 
DuvalGRS 0.51787352561951 64300 1.64253984375 10.5 
DuvalGRS 0.33780661225319 81000 1.38332859375 12.10000038147 
DuvalGRS 0.48510950803757 72800 1.56180796875 12.300000190735 
DuvalGRS 0.32995462417603 345000 2.08437734375 22.39999961853 
DuvalGRS 0.16794873774052 338000 1.47257203125 22.200000762939 
DuvalGRS 0.29483550786972 82100 1.294076328125 12.199999809265 
DuvalGRS 0.51010513305664 1160 0.455406171875 2.0999999046326 
DuvalGRS 0.7508916258812 63000 2.02065609375 9.8999996185303 
DuvalGRS 0.64360171556473 754 0.3826052734375 2.2999999523163 
DuvalGRS 0.84144175052643 27300 1.83797921875 5.8000001907349 
DuvalGRS 0.21024025976658 197000 1.51081671875 15.39999961853 
DuvalGRS 0.85011702775955 1090 0.6389334375 1.7999999523163 
DuvalGRS 0.52606552839279 14700 0.979461796875 6.6999998092651 
DuvalGRS 0.356415361166 193000 1.8804634375 16.60000038147 
DuvalGRS 0.44651103019714 24800 1.09002609375 7.8000001907349 
DuvalGRS 1.2941321134567 51100 2.32226 10.5 
DuvalGRS 0.42433077096939 32200 1.12829140625 9 
DuvalGRS 0.74801677465439 3320 0.7369109375 3.7000000476837 
DuvalGRS 2.0113711357117 744 0.94118125 1.3999999761581 
DuvalGRS 0.27781641483307 57800 1.132542890625 10.5 
DuvalGRS 1.1268060207367 15300 1.663784375 5.3000001907349 
DuvalGRS 0.22392615675926 73300 1.02199046875 13.10000038147 
DuvalGRS 3.4249293804169 334 0.81779375 1.3999999761581 
DuvalGRS 0.87671482563019 195 0.31383005859375 1.1000000238419 
DuvalGRS 0.4425283074379 75100 1.55330953125 11.699999809265 
DuvalGRS 0.3828341960907 2280 0.51523125 2.5 
DuvalGRS 0.71781677007675 25700 1.65953546875 5.6999998092651 
DuvalGRS 0.34215340018272 120000 1.56180796875 14.300000190735 
DuvalGRS 2.2875921726227 25400 2.8829359375 6 
DuvalGRS 0.49256476759911 21400 1.158051171875 6.5999999046326 
DuvalGRS 0.12464465200901 728000 1.49381921875 34.5 
DuvalGRS 0.13245642185211 541000 1.6765309375 21.700000762939 
DuvalGRS 0.6177726984024 60100 1.87621515625 9 
DuvalGRS 0.29222482442856 74100 1.277074765625 11.199999809265 
DuvalGRS 0.25124821066856 99600 1.264323359375 13.199999809265 
DuvalGRS 0.47929337620735 82400 1.68077984375 11.89999961853 
DuvalGRS 2.068350315094 23000 2.8574515625 5 
DuvalGRS 0.29417684674263 10200 0.792256171875 3.9000000953674 
DuvalGRS 0.26027688384056 165000 1.47682140625 16.700000762939 
DuvalGRS 0.46678286790848 89800 1.71052140625 12.199999809265 
DuvalGRS 0.38126939535141 139000 1.7232675 15.199999809265 
DuvalGRS 0.34666249155998 86500 1.55755875 10.5 
DuvalGRS 0.27598392963409 51400 1.009232421875 11.60000038147 
DuvalGRS 0.15181612968445 162000 1.12829140625 16.200000762939 
DuvalGRS 3.8711767196655 6970 2.466681875 3.7999999523163 
DuvalGRS 2.9829728603363 1520 1.289826015625 2.2999999523163 
DuvalGRS 0.19665642082691 45800 0.9369275 8.5 
DuvalGRS 0.6596542596817 5800 1.068766171875 2.7999999523163 
DuvalGRS 0.87121170759201 9440 1.141045859375 5.3000001907349 
DuvalGRS 1.3641226291656 44700 2.47942484375 8.5 
DuvalGRS 0.52073377370834 2060 0.5323087890625 2.9000000953674 
DuvalGRS 0.29122233390808 74700 1.268573828125 11.39999961853 
DuvalGRS 0.70940840244293 57000 1.7700028125 11 
DuvalGRS 1.8951534032822 34300 2.48792015625 9 
DuvalGRS 0.71279817819595 45800 1.634041875 10.39999961853 
DuvalGRS 0.40588694810867 129000 1.84647625 13.10000038147 
DuvalGRS 1.0773561000824 7480 1.396078125 3.5 
DuvalGRS 1.4677008390427 59300 2.6535746875 10.60000038147 
DuvalGRS 0.6194920539856 52500 1.65528671875 10.10000038147 
DuvalGRS 1.1921911239624 18400 1.58730265625 7.4000000953674 
DuvalGRS 0.34416517615318 117000 1.55755875 14.10000038147 
DuvalGRS 0.11918723583221 12400 0.408324375 6.3000001907349 
DuvalGRS 0.31735771894455 46600 1.136794375 9.6000003814697 
DuvalGRS 0.32414224743843 142000 1.49381921875 17.5 
DuvalGRS 0.28797224164009 56600 1.034748046875 12.699999809265 
DuvalGRS 0.48557257652283 110000 1.81673703125 13.800000190735 
DuvalGRS 1.0974920988083 4750 1.085774140625 3.7000000476837 
DuvalGRS 1.1122595071793 380 0.455406171875 1.5 
DuvalGRS 0.27454417943954 39000 1.00072671875 8.8999996185303 
DuvalGRS 0.58673590421677 79400 1.9654296875 10.300000190735 
DuvalGRS 1.2845398187637 15200 1.7232675 5.5999999046326 
DuvalGRS 0.49532333016396 28400 1.1452971875 9 
DuvalGRS 0.46637704968452 30400 1.298326640625 7.0999999046326 
DuvalGRS 0.1487894654274 237000 1.247321015625 19.10000038147 
DuvalGRS 0.20347638428211 255000 1.50656734375 19.39999961853 
DuvalGRS 0.20382049679756 288000 1.634041875 18.700000762939 
DuvalGRS 0.34145990014076 153000 1.6722821875 15.89999961853 
DuvalGRS 0.82448244094849 11200 1.166553671875 5.6999998092651 
DuvalGRS 0.14011554419994 346000 1.36207890625 22.10000038147 
DuvalGRS 0.36399874091148 22400 1.094277890625 5.6999998092651 
DuvalGRS 0.28732794523239 89300 1.285575625 13.10000038147 
DuvalGRS 0.25144225358963 153000 1.3110775 18.89999961853 
DuvalGRS 0.45455279946327 132000 1.7657540625 16.39999961853 
DuvalGRS 0.35897913575172 118000 1.68502859375 12.699999809265 
DuvalGRS 1.5531653165817 12300 1.73601359375 5.4000000953674 
DuvalGRS 0.53415209054947 54100 1.58305359375 9.8000001907349 
DuvalGRS 0.32833272218704 37000 1.0560096875 9.1000003814697 
DuvalGRS 0.55378073453903 56900 1.57455546875 10.800000190735 
DuvalGRS 0.34222182631493 56600 1.298326640625 9.6999998092651 
DuvalGRS 0.507847905159 18300 1.102781484375 6.4000000953674 
DuvalGRS 1.8762607574463 130 0.4767829296875 0.80000001192093 
DuvalGRS 0.3898728787899 76500 1.55330953125 10.5 
DuvalGRS 0.32375332713127 144000 1.6042990625 15.39999961853 
DuvalGRS 0.348608314991 106000 1.591551875 12.39999961853 
DuvalGRS 0.39871379733086 71500 1.51081671875 10.60000038147 
DuvalGRS 0.94728022813797 37700 1.79974265625 9.3999996185303 
DuvalGRS 0.54953134059906 7260 0.91991203125 3.9000000953674 
DuvalGRS 0.40406557917595 128000 1.663784375 15.89999961853 
DuvalGRS 0.96679770946503 48500 2.1226096875 8.8999996185303 
DuvalGRS 0.42923414707184 87700 1.60005 12.5 
DuvalGRS 0.89137417078018 5660 1.03900046875 3.9000000953674 
DuvalGRS 0.41769427061081 144000 2.00366328125 12.800000190735 
DuvalGRS 0.40067338943481 495000 2.6790596875 23.700000762939 
DuvalGRS 0.66633409261703 30700 1.47257203125 8 
DuvalGRS 0.61576902866364 58300 1.7062725 10.5 
DuvalGRS 0.27715703845024 46800 1.111284921875 8.8000001907349 
DuvalGRS 0.27973267436028 56100 1.247321015625 8.5 
DuvalGRS 0.33276364207268 425 0.2271601171875 1.3999999761581 
DuvalGRS 0.82969576120377 4930 1.00072671875 3.4000000953674 
DuvalGRS 0.67496836185455 60800 1.73601359375 11.60000038147 
DuvalGRS 0.84400939941406 7570 1.0432528125 4.9000000953674 
DuvalGRS 0.87697231769562 62000 2.1565934375 10 
DuvalGRS 0.96646827459335 91800 2.43694828125 12.800000190735 
DuvalGRS 0.5807871222496 140000 2.30526875 13.10000038147 
DuvalGRS 0.27547645568848 215000 1.65953546875 18.299999237061 
DuvalGRS 0.71706682443619 44100 1.43007609375 13.10000038147 
DuvalGRS 1.1592475175858 15000 1.65528671875 5.4000000953674 
DuvalGRS 0.55105817317963 15100 1.17080484375 5.0999999046326 
DuvalGRS 1.305471777916 3250 1.107033203125 2.9000000953674 
DuvalGRS 1.0367854833603 6520 1.3153278125 3.2999999523163 
DuvalGRS 0.15531492233276 150000 0.7582 32.900001525879 
DuvalGRS 0.960125207901 5100 1.285575625 2.5 
DuvalGRS 4.3877687454224 83.800003051758 0.6005673046875 0.80000001192093 
DuvalGRS 0.16719484329224 142000 1.141045859375 15.300000190735 
DuvalGRS 0.648177921772 11200 0.847583203125 8.3000001907349 
DuvalGRS 0.28671705722809 4080 0.5109608984375 3.4000000953674 
DuvalGRS 0.36370474100113 329000 2.18208109375 21.5 
DuvalGRS 0.6355739235878 88900 1.956933125 12.60000038147 
DuvalGRS 0.35055011510849 43900 1.179307109375 9.3000001907349 
DuvalGRS 0.3534784913063 50000 1.2260675 9.8999996185303 
DuvalGRS 0.15186843276024 62200 0.847583203125 10.800000190735 
DuvalGRS 0.20902307331562 30100 0.81779375 7.6999998092651 
DuvalGRS 1.2783590555191 29900 2.03340046875 7.9000000953674 
DuvalGRS 1.2690970897675 17000 1.8124884375 5.5999999046326 
DuvalGRS 0.3954604268074 20900 0.9369275 7.8000001907349 
DuvalGRS 0.65993338823318 6470 0.864603828125 4.6999998092651 
DuvalGRS 0.28658136725426 81100 1.272824296875 12.10000038147 
DuvalGRS 0.58019363880157 44300 1.5235646875 9.3999996185303 
DuvalGRS 0.28710469603539 123000 1.36632890625 16 
DuvalGRS 0.19755274057388 47100 0.89438671875 9.6000003814697 
DuvalGRS 0.3678660094738 40200 1.175056015625 9 
DuvalGRS 0.37515583634377 22900 0.996473828125 7.1999998092651 
DuvalGRS 0.32723832130432 44100 1.141045859375 9.3000001907349 
DuvalGRS 1.1653612852097 39500 2.1396015625 8.6000003814697 
DuvalGRS 0.17069083452225 242000 1.34507890625 19.299999237061 
DuvalGRS 0.76722377538681 3810 0.881623046875 3.0999999046326 
DuvalGRS 0.80969268083572 9060 1.243070390625 4 
DuvalGRS 0.52537173032761 2250 0.728394453125 1.7999999523163 
DuvalGRS 2.3441982269287 1420 1.01348515625 2.7000000476837 
DuvalGRS 1.7490020990372 22900 2.22880796875 6.9000000953674 
DuvalGRS 0.44314494729042 4370 0.685803125 3.2999999523163 
DuvalGRS 0.2400748282671 146000 1.38332859375 15.5 
DuvalGRS 0.97614002227783 3020 1.111284921875 2 
DuvalGRS 0.24319852888584 277000 1.6765309375 20.39999961853 
DuvalGRS 0.37295535206795 27200 1.085774140625 7.1999998092651 
DuvalGRS 0.26694768667221 29100 0.907149765625 7.8000001907349 
DuvalGRS 0.58235836029053 66300 1.634041875 12.300000190735 
DuvalGRS 0.6737197637558 33000 1.58730265625 7.5 
DuvalGRS 0.44650849699974 35800 1.42157671875 6.6999998092651 
DuvalGRS 0.94717293977737 145 0.2879378515625 1 
DuvalGRS 0.63285040855408 229 0.2619647265625 1.2000000476837 
DuvalGRS 1.4596252441406 8660 1.51081671875 4.6999998092651 
DuvalGRS 0.34906026721001 89700 1.45132421875 12.60000038147 
DuvalGRS 0.54779374599457 56100 1.66803328125 9.3999996185303 
DuvalGRS 0.38734441995621 129000 1.62979296875 16 
DuvalGRS 1.7356573343277 1450 1.0517575 1.8999999761581 
DuvalGRS 0.39320454001427 61100 1.243070390625 13.10000038147 
DuvalGRS 0.5926126241684 29500 1.43432578125 7.1999998092651 
DuvalGRS 1.0040549039841 5370 1.136794375 3.5 
DuvalGRS 1.8659483194351 391 0.643195234375 1.3999999761581 
DuvalGRS 1.5224548578262 5920 1.41732703125 3.7999999523163 
DuvalGRS 0.31830358505249 32800 1.030495546875 8.1999998092651 
DuvalGRS 0.29851019382477 46700 1.102781484375 9.6000003814697 
DuvalGRS 0.50919193029404 1400 0.536577265625 1.8999999761581 
DuvalGRS 0.17935118079185 80500 0.996473828125 12.10000038147 
DuvalGRS 0.43864518404007 94700 1.65528671875 12.89999961853 
DuvalGRS 20.212724685669 289 2.131105625 1.1000000238419 
DuvalGRS 1.765303850174 2580 1.12829140625 3 
DuvalGRS 0.45439592003822 16400 1.026243046875 5.9000000953674 
DuvalGRS 0.32193419337273 6050 0.3783155859375 9.3999996185303 
DuvalGRS 0.22025255858898 65900 1.030495546875 11.39999961853 
DuvalGRS 0.97840857505798 14000 1.34507890625 6.4000000953674 
DuvalGRS 0.76622521877289 105000 2.1863290625 14.39999961853 
DuvalGRS 0.73181825876236 28700 1.43857546875 8.6000003814697 
DuvalGRS 0.81444025039673 313 0.365440546875 1.2999999523163 
DuvalGRS 1.1955088376999 6810 1.3280784375 3.9000000953674 
DuvalGRS 1.9976439476013 674 0.83056125 1.6000000238419 
DuvalGRS 0.27748548984528 89000 1.2558221875 13.199999809265 
DuvalGRS 0.4053867161274 118000 1.69352625 14.199999809265 
DuvalGRS 0.53519773483276 11800 1.026243046875 5 
DuvalGRS 0.86872869729996 1870 0.775228984375 2.2000000476837 
DuvalGRS 1.1390721797943 8250 1.187809296875 5.5999999046326 
DuvalGRS 0.4899907708168 12100 0.91140390625 5.9000000953674 
DuvalGRS 1.0226849317551 2160 0.890132265625 2.2999999523163 
DuvalGRS 0.22426697611809 28700 0.8220496875 7.8000001907349 
DuvalGRS 0.95212775468826 510 0.416890859375 2 
DuvalGRS 0.71192014217377 13200 1.187809296875 5.5999999046326 
DuvalGRS 0.43643137812614 76800 1.55330953125 11.800000190735 
DuvalGRS 3.4990484714508 3080 2.04614484375 2.2000000476837 
DuvalGRS 0.29323986172676 290000 1.8677184375 20.799999237061 
DuvalGRS 1.4337673187256 3610 1.204813203125 3 
DuvalGRS 0.22162705659866 139000 1.40032796875 13.300000190735 
DuvalGRS 1.1269525289536 13700 1.6042990625 5.0999999046326 
DuvalGRS 0.59782868623734 21000 1.247321015625 6.8000001907349 
DuvalGRS 1.510789513588 14100 1.71052140625 6.1999998092651 
DuvalGRS 0.46022996306419 25400 1.12829140625 7.6999998092651 
DuvalGRS 0.18241706490517 21200 0.6304091796875 7.6999998092651 
DuvalGRS 1.5946048498154 337 0.59203890625 1.2000000476837 
DuvalGRS 1.0048449039459 13600 1.40032796875 5.9000000953674 
DuvalGRS 0.48967677354813 51100 1.37482875 11.199999809265 
DuvalGRS 0.42794772982597 435000 2.4964153125 25.60000038147 
DuvalGRS 0.63814896345139 71700 1.8422278125 11.5 
DuvalGRS 1.0605584383011 65800 2.38597609375 10.5 
DuvalGRS 0.37348541617393 34900 1.141045859375 8.3999996185303 
DuvalGRS 1.0914254188538 37300 1.99941515625 8.6999998092651 
DuvalGRS 0.25313410162926 36000 0.9369275 8.6000003814697 
DuvalGRS 1.6851508617401 2210 1.141045859375 2.4000000953674 
DuvalGRS 0.60723793506622 21900 1.2388196875 7.3000001907349 
DuvalGRS 2.8953421115875 1380 1.209064140625 2.2999999523163 
DuvalGRS 1.6476818323135 165 0.3997547265625 1.2000000476837 
DuvalGRS 1.8157705068588 15800 2.0928734375 5.5999999046326 
DuvalGRS 0.8342462182045 309 0.386893984375 1.2000000476837 
DuvalGRS 0.33395698666573 2170 0.4425733984375 2.7000000476837 
DuvalGRS 0.77877485752106 41900 1.91445046875 7.5999999046326 
DuvalGRS 0.19644628465176 38700 0.5749790625 17.89999961853 
DuvalGRS 1.3676632642746 50000 2.432700625 9.8999996185303 
DuvalGRS 1.2933132648468 3280 1.17080484375 2.5999999046326 
DuvalGRS 0.20863005518913 43600 0.89864109375 9.3000001907349 
DuvalGRS 1.2998945713043 12200 1.65953546875 4.9000000953674 
DuvalGRS 0.59257119894028 7130 0.98796796875 3.5999999046326 
DuvalGRS 1.3028607368469 4310 1.196311328125 3.2999999523163 
DuvalGRS 6.0462493896484 4100 2.6620696875 3 
DuvalGRS 0.21607661247253 86300 1.00072671875 15.5 
DuvalGRS 0.34104827046394 14700 0.834816875 5.9000000953674 
DuvalGRS 0.65062063932419 40600 1.56180796875 9.1999998092651 
DuvalGRS 0.60744243860245 299000 2.717286875 21.10000038147 
DuvalGRS 0.41657170653343 59000 1.33232859375 11.699999809265 
DuvalGRS 3.9924910068512 1400 1.540561875 2 
DuvalGRS 0.44419264793396 45400 1.33232859375 9.6000003814697 
DuvalGRS 0.25752827525139 123000 1.34507890625 14.800000190735 
DuvalGRS 1.9221589565277 14600 2.08862546875 5.5 
DuvalGRS 1.6665849685669 192 0.4639584375 1.1000000238419 
DuvalGRS 0.58689785003662 3860 0.770971953125 3.0999999046326 
DuvalGRS 0.41767081618309 140000 1.82948234375 14.89999961853 
DuvalGRS 0.40366086363792 73900 1.47682140625 11.60000038147 
DuvalGRS 0.22345347702503 89700 1.12403984375 13.300000190735 
DuvalGRS 0.7852475643158 4810 0.97520859375 3.2999999523163 
DuvalGRS 1.575824379921 53.400001525879 0.2922582421875 0.60000002384186 
DuvalGRS 0.28233727812767 90400 1.302576953125 12.699999809265 
DuvalGRS 2.4997656345367 28500 2.8362146875 7.5999999046326 
DuvalGRS 0.26876145601273 20700 0.881623046875 5.9000000953674 
DuvalGRS 0.68488591909409 22500 1.34507890625 7.1999998092651 
DuvalGRS 0.30370828509331 78900 1.298326640625 12 
DuvalGRS 0.87118011713028 90100 2.30951671875 12.60000038147 
DuvalGRS 0.74207937717438 198000 2.313764375 23.5 
DuvalGRS 2.7734131813049 383 0.81779375 1.2999999523163 
DuvalGRS 1.2588306665421 6670 1.268573828125 4.4000000953674 
DuvalGRS 0.34920600056648 65100 1.36632890625 10.300000190735 
DuvalGRS 0.19970251619816 159000 1.166553671875 19.60000038147 
DuvalGRS 0.65055239200592 32400 1.40032796875 9.1000003814697 
DuvalGRS 7.3457736968994 2230 2.36898515625 2.5 
DuvalGRS 0.72905689477921 1240 0.6304091796875 1.7999999523163 
DuvalGRS 0.59563589096069 10700 0.81779375 7.8000001907349 
DuvalGRS 1.1783711910248 3430 1.026243046875 3.2000000476837 
DuvalGRS 1.5086109638214 14200 1.77425125 5.8000001907349 
DuvalGRS 0.75994163751602 1280 0.65597953125 1.7999999523163 
DuvalGRS 0.86182624101639 574 0.540845390625 1.2999999523163 
DuvalGRS 3.3963665962219 432 0.86885875 1.6000000238419 
DuvalGRS 1.9413826465607 3910 1.12829140625 5 
DuvalGRS 0.46395269036293 67100 1.5363125 11.199999809265 
DuvalGRS 0.6225118637085 25600 1.34932890625 7.4000000953674 
DuvalGRS 0.27827820181847 106000 1.3153278125 14.39999961853 
DuvalGRS 0.79370415210724 94700 2.2330559375 12.89999961853 
DuvalGRS 0.40484425425529 243000 2.0503928125 20 
DuvalGRS 0.25320810079575 166000 1.37907875 18.700000762939 
DuvalGRS 0.93471628427505 9220 1.285575625 4.4000000953674 
DuvalGRS 2.6976127624512 2150 1.2558221875 3.0999999046326 
DuvalGRS 0.20231421291828 113000 1.026243046875 18.10000038147 
DuvalGRS 0.79864227771759 84200 2.26703875 11.199999809265 
DuvalGRS 2.0697138309479 9050 1.884711875 4.5 
DuvalGRS 1.0181096792221 37600 1.96118125 8.5 
DuvalGRS 1.3060109615326 8270 1.47682140625 4.1999998092651 
DuvalGRS 0.31303888559341 297000 1.82523390625 23.799999237061 
DuvalGRS 12.214471817017 4550 2.819225 6 
DuvalGRS 0.75841224193573 4240 0.91140390625 3.2000000476837 
DuvalGRS 1.3127014636993 783 0.71987734375 1.6000000238419 
DuvalGRS 0.33119744062424 50800 1.107033203125 11.5 
DuvalGRS 0.61190950870514 127000 1.91445046875 18.10000038147 
DuvalGRS 1.1555995941162 24900 1.8209853125 7.4000000953674 
DuvalGRS 0.35500398278236 8790 0.732652734375 4.6999998092651 
DuvalGRS 0.37130478024483 26900 1.04750515625 7.5999999046326 
DuvalGRS 0.32345008850098 52400 1.187809296875 10.10000038147 
DuvalGRS 0.23924249410629 23300 0.800769140625 7.0999999046326 
DuvalGRS 0.9021360874176 1440 0.7241359375 2 
DuvalGRS 0.58684891462326 134000 2.07588125 15.60000038147 
DuvalGRS 0.36172953248024 158000 1.7445109375 16 
DuvalGRS 0.38350179791451 162000 1.621295 20.10000038147 
DuvalGRS 1.1949678659439 14300 1.6255440625 5.5 
DuvalGRS 0.97411584854126 54300 2.1268578125 10 
DuvalGRS 0.30701380968094 106000 1.34082875 15.300000190735 
DuvalGRS 0.30280211567879 276000 1.89320859375 19.89999961853 
DuvalGRS 0.40143096446991 297000 2.1480975 22.10000038147 
DuvalGRS 0.95220297574997 28700 1.72751625 7.8000001907349 
DuvalGRS 1.0121693611145 655 0.5877743359375 1.5 
DuvalGRS 0.20434245467186 297000 1.47682140625 23.60000038147 
DuvalGRS 2.8475775718689 21200 2.75976125 6.8000001907349 
DuvalGRS 0.30429539084435 90100 1.31957796875 13.300000190735 
DuvalGRS 0.5315734744072 246000 2.402966875 19.39999961853 
DuvalGRS 1.539760351181 1240 0.91140390625 1.8999999761581 
DuvalGRS 0.41716173291206 26500 1.111284921875 7.5 
DuvalGRS 0.47022166848183 15100 0.9922209375 6 
DuvalGRS 0.35747715830803 41500 1.0517575 11.199999809265 
DuvalGRS 0.23677031695843 82800 1.107033203125 13.39999961853 
DuvalGRS 0.34547221660614 87200 1.3110775 14.800000190735 
DuvalGRS 0.26411950588226 28000 0.890132265625 7.6999998092651 
DuvalGRS 1.6601598262787 10400 1.697775 5.0999999046326 
DuvalGRS 1.1748110055923 209 0.4468515625 0.89999997615814 
DuvalGRS 0.72805768251419 177 0.27496283203125 1 
DuvalGRS 0.32162326574326 86000 1.272824296875 14.39999961853 
DuvalGRS 0.62695276737213 448000 3.1377740625 24.5 
DuvalGRS 0.55741518735886 125000 1.91020203125 16.299999237061 
DuvalGRS 0.61178636550903 8400 0.88587765625 5.4000000953674 
DuvalGRS 1.2404909133911 4860 1.22181671875 3.4000000953674 
DuvalGRS 0.48340067267418 223000 2.20332078125 19 
DuvalGRS 1.5343455076218 29400 2.16933734375 8.1999998092651 
DuvalGRS 0.5389631986618 22200 1.14954859375 7.5999999046326 
DuvalGRS 1.8169230222702 1000 0.864603828125 2 
DuvalGRS 0.4647773206234 119000 1.68927734375 16.5 
DuvalGRS 1.1718261241913 17400 1.65953546875 6.3000001907349 
DuvalGRS 0.24545121192932 66800 1.12829140625 10.800000190735 
DuvalGRS 3.906112909317 2100 1.7827484375 2.2000000476837 
DuvalGRS 1.1253780126572 1370 0.71987734375 2.4000000953674 
DuvalGRS 0.22369180619717 155000 1.34932890625 16.10000038147 
DuvalGRS 0.57386463880539 27600 1.268573828125 8.3000001907349 
DuvalGRS 1.158104300499 1210 0.753942421875 2 
DuvalGRS 0.65195840597153 19700 1.281325234375 6.5999999046326 
DuvalGRS 0.63223111629486 16000 1.17080484375 6.1999998092651 
DuvalGRS 2.5396873950958 549 0.907149765625 1.3999999761581 
DuvalGRS 1.43052983284 6390 1.58305359375 3.0999999046326 
DuvalGRS 0.54854381084442 39400 1.3875784375 9.5 
DuvalGRS 0.42658993601799 93400 1.5958009375 13.300000190735 
DuvalGRS 0.27248749136925 160000 1.540561875 15.60000038147 
DuvalGRS 0.27084109187126 15700 0.745426953125 6.1999998092651 
DuvalGRS 1.7625420093536 201 0.519501171875 1 
DuvalGRS 1.3952484130859 2980 1.009232421875 3.4000000953674 
DuvalGRS 0.50952982902527 46700 1.43432578125 9.8000001907349 
DuvalGRS 1.3752557039261 2630 1.12403984375 2.4000000953674 
DuvalGRS 1.7960574626923 7650 1.33657875 6.5 
DuvalGRS 0.061268649995327 12600 0.21841802734375 8 
DuvalGRS 9.3771295547485 44 0.8220496875 0.5 
DuvalGRS 0.16070635616779 86100 0.962448828125 12.39999961853 
DuvalGRS 1.95747423172 1520 1.03900046875 2.2999999523163 
DuvalGRS 1.8157237768173 36600 2.0588890625 13.39999961853 
DuvalGRS 0.57706314325333 170000 2.26279078125 16.39999961853 
DuvalGRS 0.31563475728035 28200 0.9369275 8.3999996185303 
DuvalGRS 0.36854517459869 40400 0.979461796875 12.89999961853 
DuvalGRS 2.6341390609741 6120 2.1438496875 3 
DuvalGRS 0.87874937057495 27500 1.54481109375 8.6000003814697 
DuvalGRS 1.485808134079 2490 1.162302421875 2.2999999523163 
DuvalGRS 0.32384878396988 3610 0.519501171875 3.2999999523163 
DuvalGRS 2.935665845871 1850 1.4810709375 2.0999999046326 
DuvalGRS 0.24861580133438 50700 1.030495546875 9.8999996185303 
DuvalGRS 3.5776274204254 117 0.540845390625 1.1000000238419 
DuvalGRS 0.58444929122925 180000 2.28827765625 17.200000762939 
DuvalGRS 1.5928313732147 20100 2.08437734375 6.3000001907349 
DuvalGRS 1.3356878757477 33900 1.986670625 9.8000001907349 
DuvalGRS 2.8898980617523 17100 2.57287171875 6.4000000953674 
DuvalGRS 1.1966679096222 9130 1.31957796875 5.3000001907349 
DuvalGRS 0.50140047073364 6420 0.800769140625 4.0999999046326 
DuvalGRS 0.56312441825867 27800 1.196311328125 9.1999998092651 
DuvalGRS 0.21083997189999 38000 0.728394453125 12.199999809265 
DuvalGRS 1.1049375534058 16800 1.55755875 6.5 
DuvalGRS 1.4336434602737 49500 2.16933734375 12.89999961853 
DuvalGRS 2.0884022712708 10000 1.17080484375 12.800000190735 
DuvalGRS 0.33951184153557 6280 0.5579146875 5.3000001907349 
DuvalGRS 0.23506014049053 42200 0.94543484375 9.1999998092651 
DuvalGRS 5.1538438796997 2880 2.25429515625 2.5 
DuvalGRS 4.7368535995483 1770 1.540561875 3 
DuvalGRS 0.55750054121017 9970 0.94118125 5.1999998092651 
DuvalGRS 0.91822856664658 11600 1.302576953125 5.3000001907349 
DuvalGRS 2.8395009040833 18600 2.54313875 7 
DuvalGRS 1.5340629816055 52000 2.6153471875 10 
DuvalGRS 7.8596987724304 301 1.1920603125 1.3999999761581 
DuvalGRS 1.9964109659195 159 0.5536478125 0.80000001192093 
DuvalGRS 0.81441789865494 306 0.3997547265625 1.1000000238419 
DuvalGRS 2.4357175827026 1700 1.204813203125 2.4000000953674 
DuvalGRS 1.7684010267258 15700 1.8804634375 6.6999998092651 
DuvalGRS 5.243968963623 10400 2.97213 5.3000001907349 
DuvalGRS 1.9577261209488 138 0.4725086328125 0.89999997615814 
DuvalGRS 1.5267013311386 3360 1.179307109375 3.0999999046326 
DuvalGRS 34.67211151123 61.5 0.89438671875 2.2000000476837 
DuvalGRS 0.49418693780899 92500 1.6042990625 15.10000038147 
DuvalGRS 1.2106412649155 986 0.7113596875 1.8999999761581 
DuvalGRS 0.55690538883209 32300 1.36207890625 8.1999998092651 
DuvalGRS 0.43406119942665 548 0.3181389453125 1.5 
DuvalGRS 4.4663777351379 6930 2.48367234375 4.3000001907349 
DuvalGRS 0.28923282027245 48700 1.102781484375 9.6999998092651 
DuvalGRS 1.7327840328217 505 0.660240546875 1.6000000238419 
DuvalGRS 1.1299252510071 31400 1.91020203125 8.3000001907349 
DuvalGRS 0.32759562134743 11000 0.6389334375 7 
DuvalGRS 1.5187410116196 21800 2.02490421875 6.9000000953674 
DuvalGRS 2.1753101348877 1240 1.09002609375 1.8999999761581 
DuvalGRS 0.31806349754333 21800 0.91140390625 6.9000000953674 
DuvalGRS 1.9607881307602 2180 1.3110775 2.0999999046326 
DuvalGRS 47.302738189697 46.700000762939 2.17358515625 0.40000000596046 
DuvalGRS 1.3812942504883 16500 1.7700028125 6.1999998092651 
DuvalGRS 1.6054549217224 348 0.60483109375 1.2000000476837 
DuvalGRS 1.3470313549042 619 0.643195234375 1.6000000238419 
DuvalGRS 0.9568230509758 23500 1.62979296875 7.1999998092651 
DuvalGRS 0.79028242826462 2830 0.707100625 3.5999999046326 
DuvalGRS 0.73953342437744 92600 1.87621515625 16.60000038147 
DuvalGRS 1.1916453838348 57200 2.1863290625 12.199999809265 
DuvalGRS 1.9806674718857 2010 1.264323359375 2.0999999046326 
DuvalGRS 6.1475672721863 1270 1.62979296875 2.5 
DuvalGRS 2.0282247066498 5200 1.70202390625 3.0999999046326 
DuvalGRS 1.723716378212 17800 1.7232675 8.8000001907349 
DuvalGRS 2.0035200119019 16200 2.16933734375 5.9000000953674 
DuvalGRS 2.4377944469452 2440 1.4810709375 2.2999999523163 
DuvalGRS 1.9450635910034 103 0.395468671875 0.89999997615814 
DuvalGRS 4.6290397644043 382 1.026243046875 1.3999999761581 
DuvalGRS 0.41870558261871 35300 1.2558221875 7.9000000953674 
DuvalGRS 0.79779279232025 84900 1.88896015625 16.200000762939 
DuvalGRS 0.57956498861313 14100 1.085774140625 5.8000001907349 
DuvalGRS 13.550354957581 459 1.7657540625 1.7000000476837 
DuvalGRS 1.7856231927872 10000 1.79974265625 4.6999998092651 
DuvalGRS 0.25663897395134 13400 0.6133580859375 7.1999998092651 
DuvalGRS 0.68544179201126 6380 0.928419921875 4.1999998092651 
DuvalGRS 3.1666731834412 898 1.264323359375 1.5 
DuvalGRS 0.56134355068207 102000 1.757256875 15.800000190735 
DuvalGRS 0.6120337843895 22900 1.12403984375 9.3000001907349 
DuvalGRS 0.10473412275314 93300 0.62614671875 19.700000762939 
DuvalGRS 1.8802758455276 806 0.856093671875 1.7000000476837 
DuvalGRS 1.3523436784744 3810 1.0645140625 3.7999999523163 
DuvalGRS 0.40896657109261 24500 1.102781484375 6.9000000953674 
DuvalGRS 12.809235572815 172 1.073018203125 1.6000000238419 
DuvalGRS 1.7299560308456 4250 1.33232859375 3.5 
DuvalGRS 2.2720971107483 106 0.5109608984375 0.69999998807907 
DuvalGRS 1.2957910299301 31900 1.9696778125 9.1000003814697 
DuvalGRS 2.6526350975037 7280 2.08437734375 3.7999999523163 
DuvalGRS 0.92402058839798 1990 0.728394453125 2.7999999523163 
DuvalGRS 1.8537800312042 1880 1.102781484375 2.4000000953674 
DuvalGRS 1.6158913373947 3410 1.14954859375 3.5 
DuvalGRS 0.51059740781784 4940 0.753942421875 3.5999999046326 
DuvalGRS 0.55404961109161 3440 0.71561859375 3 
DuvalGRS 4.5955257415771 1240 1.68927734375 1.7000000476837 
DuvalGRS 1.9771723747253 9970 1.8337309375 5 
DuvalGRS 3.0909821987152 4950 1.64678890625 4.8000001907349 
DuvalGRS 5.9640254974365 1690 1.89320859375 2.4000000953674 
DuvalGRS 6.3514060974121 786 1.298326640625 2.5 
DuvalGRS 0.49020326137543 29900 1.234568984375 8.1000003814697 
DuvalGRS 1.9839360713959 1740 1.01348515625 2.7999999523163 
DuvalGRS 0.29037594795227 48100 1.12829140625 9.1999998092651 
DuvalGRS 0.31234973669052 129000 1.396078125 17.5 
DuvalGRS 1.1295341253281 2630 0.8220496875 3.5999999046326 
DuvalGRS 5.2076411247253 965 1.49806859375 1.8999999761581 
DuvalGRS 0.73930507898331 6940 0.996473828125 4.3000001907349 
DuvalGRS 2.8311533927917 1530 1.2600728125 2.2999999523163 
DuvalGRS 1.0264046192169 9840 0.928419921875 9.6999998092651 
DuvalGRS 1.110521197319 837 0.732652734375 1.3999999761581 
DuvalGRS 1.4627178907394 3120 1.0432528125 3.5 
DuvalGRS 286.67846679688 1 0.67728296875 0.5 
DuvalGRS 1.3445572853088 1030 0.792256171875 1.7999999523163 
DuvalGRS 2.0549378395081 5140 1.5363125 3.7999999523163 
DuvalGRS 0.65636616945267 95500 1.68927734375 18.700000762939 
DuvalGRS 1.4398626089096 3570 1.200562265625 3 
DuvalGRS 0.35100674629211 56400 1.02199046875 15.800000190735 
DuvalGRS 0.85356068611145 35800 1.55755875 10.699999809265 
DuvalGRS 12.019048690796 215 1.56180796875 0.89999997615814 
DuvalGRS 0.59723627567291 4970 0.6687621875 5.3000001907349 
DuvalGRS 0.26660960912704 7590 0.660240546875 3.7000000476837 
DuvalGRS 8.0884418487549 757 2.08862546875 1.2000000476837 
DuvalGRS 1.9077033996582 8740 1.66803328125 5.0999999046326 
DuvalGRS 60.797798156738 14 1.90595359375 0.20000000298023 
DuvalGRS 3.3037028312683 967 1.102781484375 2.2000000476837 
DuvalGRS 10.341456413269 29.700000762939 0.702841484375 0.5 
DuvalGRS 0.38328781723976 53300 1.217565859375 11.60000038147 
DuvalGRS 0.21101251244545 6490 0.5024190234375 4.0999999046326 
DuvalGRS 4.6589298248291 12200 3.0061084375 5.4000000953674 
DuvalGRS 0.67378056049347 32000 1.33657875 10.199999809265 
DuvalGRS 1.3743312358856 14500 1.71052140625 5.8000001907349 
DuvalGRS 0.58533751964569 30500 1.2388196875 9.8000001907349 
DuvalGRS 1.2293072938919 5370 1.209064140625 3.7999999523163 
DuvalGRS 20.89768409729 80.599998474121 1.69352625 0.5 
DuvalGRS 1.7074987888336 8020 1.60854796875 4.5 
DuvalGRS 2.7387938499451 52600 3.133526875 12.60000038147 
DuvalGRS 0.71654307842255 7070 0.81779375 6.1999998092651 
DuvalGRS 5.0171537399292 554 1.40032796875 1.2000000476837 
DuvalGRS 2.5107862949371 9360 1.8124884375 6.0999999046326 
DuvalGRS 2.5741047859192 14800 2.53039609375 5.0999999046326 
DuvalGRS 3.0869407653809 1020 1.14954859375 2 
DuvalGRS 0.68851345777512 5960 0.7794859375 5.5 
DuvalGRS 0.77129876613617 2620 0.796512734375 2.5999999046326 
DuvalGRS 1.7772226333618 2030 1.077270234375 2.5999999046326 
DuvalGRS 0.80215883255005 29800 1.5363125 8.6000003814697 
DuvalGRS 0.37285202741623 49700 1.289826015625 9.3999996185303 
DuvalGRS 4.655294418335 28.700000762939 0.5024190234375 0.40000000596046 
DuvalGRS 1.3126306533813 10400 1.35357890625 6.3000001907349 
DuvalGRS 3.5935339927673 11100 2.56437671875 5.1999998092651 
DuvalGRS 0.24465702474117 49800 0.775228984375 16.5 
DuvalGRS 0.52871090173721 382 0.3310559765625 1.2000000476837 
DuvalGRS 1.8024266958237 408 0.6005673046875 1.6000000238419 
DuvalGRS 0.59444564580917 7100 0.91140390625 4.1999998092651 
DuvalGRS 4.2892999649048 491 1.166553671875 1.2999999523163 
DuvalGRS 2.9026732444763 44.400001525879 0.2965765234375 0.89999997615814 
DuvalGRS 2.4010071754456 2160 1.272824296875 2.7000000476837 
DuvalGRS 1.2183814048767 6590 1.14954859375 5.0999999046326 
DuvalGRS 0.69983524084091 2430 0.698582109375 2.7999999523163 
DuvalGRS 0.59173423051834 7180 0.834816875 5 
DuvalGRS 0.21936786174774 17100 0.58350953125 8.6000003814697 
DuvalGRS 1.2591068744659 43000 2.109865625 10.39999961853 
DuvalGRS 0.83081513643265 393 0.4254544140625 1.2999999523163 
DuvalGRS 5.0973954200745 58.900001525879 0.694322578125 0.5 
DuvalGRS 0.8955118060112 232 0.4340151953125 0.80000001192093 
DuvalGRS 1.2840739488602 25400 1.93994015625 7.4000000953674 
DuvalGRS 0.87223738431931 6940 1.0985296875 4.1999998092651 
DuvalGRS 16.042512893677 230 0.860348828125 4.0999999046326 
DuvalGRS 0.40796482563019 813 0.24459166015625 3 
DuvalGRS 0.81694108247757 11700 1.166553671875 5.9000000953674 
DuvalGRS 0.79833495616913 148 0.25762630859375 1 
DuvalGRS 0.79896301031113 16800 1.3875784375 5.9000000953674 
DuvalGRS 0.41797325015068 9010 0.775228984375 5.0999999046326 
DuvalGRS 1.3977991342545 29100 1.9017053125 9.6000003814697 
DuvalGRS 2.6319625377655 450 0.90289546875 1.2000000476837 
DuvalGRS 1.3097474575043 26600 1.7869971875 9.3000001907349 
DuvalGRS 0.73626238107681 9530 1.02199046875 5.5999999046326 
DuvalGRS 2.0688390731812 1240 0.94118125 2.4000000953674 
DuvalGRS 0.16450086236 227000 1.298326640625 18.700000762939 
DuvalGRS 0.82492101192474 22000 1.49381921875 6.9000000953674 
DuvalGRS 388.26577758789 2.2999999523163 1.95268484375 0.20000000298023 
DuvalGRS 2.8394756317139 2180 1.761505625 1.7000000476837 
DuvalGRS 1.8878909349442 3380 1.34082875 3 
DuvalGRS 0.92228281497955 2700 0.698582109375 4.0999999046326 
DuvalGRS 0.30500048398972 3740 0.4725086328125 3.7999999523163 
DuvalGRS 2.3162176609039 18400 2.04614484375 8.6999998092651 
DuvalGRS 0.28505367040634 148000 1.51506609375 15.60000038147 
DuvalGRS 1.0243147611618 71500 2.02915234375 15.199999809265 
DuvalGRS 8.9782657623291 2590 2.35199421875 3.5999999046326 
DuvalGRS 3.8091077804565 14500 2.6790596875 6.5999999046326 
DuvalGRS 0.48363882303238 111000 1.57455546875 18.39999961853 
DuvalGRS 17.094718933105 1100 2.8404621875 2 
DuvalGRS 0.69815117120743 1300 0.4938754296875 2.7999999523163 
DuvalGRS 0.65856486558914 5550 0.856093671875 4.0999999046326 
DuvalGRS 1.0796828269958 2540 0.953941953125 2.5 
DuvalGRS 2.6491899490356 6090 1.85497296875 4 
DuvalGRS 0.15377658605576 9370 0.4725086328125 4.8000001907349 
DuvalGRS 2.4508264064789 116 0.391181796875 1.2999999523163 
DuvalGRS 636.17309570313 4.5 2.8616990625 0.30000001192093 
DuvalGRS 1.6193602085114 1510 0.89864109375 2.5 
DuvalGRS 5.2000303268433 875 1.3875784375 2 
DuvalGRS 10.470192909241 51.400001525879 1.060261875 0.40000000596046 
DuvalGRS 0.30323886871338 32800 1.004979609375 8.1999998092651 
DuvalGRS 2.1269979476929 9160 1.6765309375 5.9000000953674 
DuvalGRS 9.4932918548584 209 1.294076328125 1 
DuvalGRS 1.0583896636963 5040 0.970955390625 4.6999998092651 
DuvalGRS 5.0434379577637 2840 2.0546409375 2.9000000953674 
DuvalGRS 1.1162097454071 1270 0.7794859375 1.8999999761581 
DuvalGRS 0.20896638929844 4700 0.4468515625 3.5999999046326 
DuvalGRS 0.40011954307556 48100 1.294076328125 9.6999998092651 
DuvalGRS 1.9229916334152 86.199996948242 0.3783155859375 0.80000001192093 
DuvalGRS 0.8661761879921 11600 1.264323359375 5.3000001907349 
DuvalGRS 0.98375594615936 42200 1.86346984375 10.199999809265 
DuvalGRS 0.94060945510864 13500 1.294076328125 6.4000000953674 
DuvalGRS 2.4555397033691 5620 1.6722821875 4.1999998092651 
DuvalGRS 0.6231210231781 8260 0.93267375 4.9000000953674 
DuvalGRS 2.5582721233368 20800 2.28827765625 8.6999998092651 
DuvalGRS 2.0260450839996 7530 1.5490603125 5.4000000953674 
DuvalGRS 3.1082050800323 3940 1.7785 3.2999999523163 
DuvalGRS 0.56218290328979 778 0.391181796875 2 
DuvalGRS 0.33004266023636 3000 0.3267518359375 6 
DuvalGRS 2.185610294342 68100 3.2779321875 11.89999961853 
DuvalGRS 3.2701797485352 7870 1.99941515625 5.5 
DuvalGRS 2.2295157909393 1740 1.141045859375 2.5 
DuvalGRS 0.56413942575455 68200 1.56180796875 13.39999961853 
DuvalGRS 0.38876375555992 28700 1.094277890625 7.8000001907349 
DuvalGRS 0.26996421813965 10400 0.5707133984375 6.6999998092651 
DuvalGRS 1.2532283067703 12300 1.58730265625 5.1999998092651 
DuvalGRS 1.6668785810471 7280 1.46407296875 4.8000001907349 
DuvalGRS 358.42462158203 2.2000000476837 1.04750515625 0.60000002384186 
DuvalGRS 1.4832483530045 21500 1.8677184375 7.8000001907349 
DuvalGRS 5.2879104614258 10100 3.091054375 4.8000001907349 
DuvalGRS 1.4447050094604 1120 0.813537734375 2 
DuvalGRS 0.34677883982658 18500 0.90289546875 6.5 
DuvalGRS 0.92398196458817 2860 0.796512734375 3.4000000953674 
DuvalGRS 0.2948834002018 25100 0.915658046875 7.3000001907349 
DuvalGRS 2.0035483837128 2240 1.11978828125 3 
DuvalGRS 3.303389787674 19200 2.730029375 7.3000001907349 
DuvalGRS 0.57561367750168 72400 1.757256875 11.5 
DuvalGRS 0.61003178358078 53300 1.68927734375 9.6999998092651 
DuvalGRS 1.4387540817261 14400 1.7445109375 5.8000001907349 
DuvalGRS 1.3077411651611 5990 1.2388196875 4.3000001907349 
DuvalGRS 0.53970110416412 3030 0.647456875 3.0999999046326 
DuvalGRS 3.2418761253357 5430 1.91445046875 4.0999999046326 
DuvalGRS 1.4541895389557 5740 1.34507890625 3.9000000953674 
HeyerGRS 0.88732463121414 29000 1.99926234375 5.5 
HeyerGRS 3.4599723815918 4900 1.6991321875 5 
HeyerGRS 4.1587743759155 900 1.99926234375 0.80000001192093 
HeyerGRS 6.713306427002 2700 2.5994325 2.2999999523163 
HeyerGRS 3.8944327831268 4500 2.199329375 3.0999999046326 
HeyerGRS 1.5505945682526 35000 2.199329375 9.6000003814697 
HeyerGRS 0.75192803144455 650 0.898359453125 0.5 
HeyerGRS 4.0580611228943 3500 2.29935859375 2.2999999523163 
HeyerGRS 2.7445824146271 3600 2.29935859375 1.6000000238419 
HeyerGRS 2.1569857597351 9800 2.49940984375 2.9000000953674 
HeyerGRS 0.88160085678101 20000 1.6991321875 5.1999998092651 
HeyerGRS 1.3870275020599 25000 2.5994325 4.4000000953674 
HeyerGRS 9.4103775024414 4900 2.999508125 4.4000000953674 
HeyerGRS 3.9633600711823 47000 3.69960125 11.699999809265 
HeyerGRS 3.5117816925049 4600 1.49901625 6.0999999046326 
HeyerGRS 2.3746569156647 380 1.5990778125 0.30000001192093 
HeyerGRS 3.5937232971191 6900 1.99926234375 5.3000001907349 
HeyerGRS 1.1956936120987 19000 1.6991321875 6.6999998092651 
HeyerGRS 12.569429397583 670 1.99926234375 1.7999999523163 
HeyerGRS 2.9156496524811 15000 2.49940984375 6 
HeyerGRS 2.9206545352936 2600 1.7991803125 2 
HeyerGRS 1.6874892711639 4500 1.7991803125 2 
HeyerGRS 0.42101034522057 28000 1.19877015625 6.9000000953674 
HeyerGRS 1.2113649845123 460 0.4970410546875 1.7000000476837 
HeyerGRS 1.5146124362946 65000 3.0995240625 8.8000001907349 
HeyerGRS 6.2183060646057 2300 3.1995390625 1.2000000476837 
HeyerGRS 3.217268705368 29000 2.49940984375 12.800000190735 
HeyerGRS 5.7433772087097 3500 2.09929734375 3.9000000953674 
HeyerGRS 0.63315939903259 50000 2.199329375 5.5999999046326 
HeyerGRS 1.294689655304 4500 1.49901625 2.2000000476837 
HeyerGRS 0.26576846837997 740 0.4970410546875 0.60000002384186 
HeyerGRS 1.831976890564 32000 4.09964 3 
HeyerGRS 2.2774090766907 7000 1.5990778125 5.3000001907349 
HeyerGRS 3.4044675827026 140000 5.799745625 12.199999809265 
HeyerGRS 4.9304890632629 2400 1.8992234375 2.7999999523163 
HeyerGRS 2.7037088871002 4600 2.199329375 2.2000000476837 
HeyerGRS 2.1762654781342 9000 2.09929734375 3.7999999523163 
HeyerGRS 4.5783114433289 3600 1.8992234375 3.9000000953674 
HeyerGRS 1.9144591093063 21000 2.09929734375 7.8000001907349 
HeyerGRS 1.2929500341415 64000 2.5994325 10.5 
HeyerGRS 2.6413335800171 4000 1.8992234375 2.5 
HeyerGRS 2.3065536022186 250 1.098658203125 0.40000000596046 
HeyerGRS 2.3186113834381 620 0.998523828125 1.2000000476837 
HeyerGRS 1.8743463754654 21000 2.49940984375 5.4000000953674 
HeyerGRS 1.5075557231903 18000 1.99926234375 5.8000001907349 
HeyerGRS 3.8090720176697 12000 2.5994325 5.8000001907349 
HeyerGRS 0.76766359806061 9400 2.09929734375 1.3999999761581 
HeyerGRS 4.6557397842407 13000 3.39956625 4.5 
HeyerGRS 0.71375119686127 4200 1.298864765625 1.5 
HeyerGRS 5.2402853965759 2200 1.6991321875 3.4000000953674 
HeyerGRS 3.6961641311646 4800 3.2995528125 1.3999999761581 
HeyerGRS 0.86972445249557 52000 2.199329375 8 
HeyerGRS 1.998503446579 1700 1.298864765625 1.7000000476837 
HeyerGRS 2.7447113990784 8300 1.7991803125 6 
HeyerGRS 1.1807948350906 21000 1.99926234375 5.3000001907349 
HeyerGRS 7.4150404930115 1000 1.49901625 2.7999999523163 
HeyerGRS 4.3343086242676 4400 2.09929734375 3.7000000476837 
HeyerGRS 4.6066083908081 17000 3.0995240625 7 
HeyerGRS 7.7039380073547 1100 1.49901625 3.2000000476837 
HeyerGRS 2.8934352397919 5400 1.49901625 5.9000000953674 
HeyerGRS 12.330083847046 110 1.6991321875 0.40000000596046 
HeyerGRS 2.4538841247559 3100 1.8992234375 1.7999999523163 
HeyerGRS 3.2881972789764 10000 2.799473125 3.5999999046326 
HeyerGRS 6.2878427505493 19000 2.999508125 11.39999961853 
HeyerGRS 5.7715287208557 940 1.6991321875 1.6000000238419 
HeyerGRS 2.2653653621674 2100 1.098658203125 3.2999999523163 
HeyerGRS 3.8672983646393 1400 1.5990778125 1.7999999523163 
HeyerGRS 8.1778326034546 1300 1.7991803125 2.7999999523163 
HeyerGRS 4.8298668861389 2800 1.8992234375 3.2000000476837 
HeyerGRS 2.5686266422272 2700 1.3989459375 3 
HeyerGRS 1.371005654335 25000 2.39938546875 5.0999999046326 
HeyerGRS 14.886028289795 1800 2.5994325 3.4000000953674 
HeyerGRS 1.9420344829559 1500 1.49901625 1.1000000238419 
HeyerGRS 1.7037043571472 2200 1.098658203125 2.5999999046326 
HeyerGRS 3.6950416564941 55000 4.09964 10.39999961853 
HeyerGRS 4.746063709259 560 1.7991803125 0.69999998807907 
HeyerGRS 2.8330671787262 47000 3.39956625 9.8999996185303 
HeyerGRS 0.97869330644608 9200 1.49901625 3.4000000953674 
HeyerGRS 5.5509057044983 590 1.99926234375 0.69999998807907 
HeyerGRS 3.5035910606384 17000 3.2995528125 4.6999998092651 
HeyerGRS 5.2104482650757 19000 4.3996646875 4.4000000953674 
HeyerGRS 3.0206189155579 30000 3.0995240625 8.1000003814697 
HeyerGRS 0.7551217675209 4200 1.098658203125 2.2000000476837 
HeyerGRS 3.2301063537598 15000 3.4995784375 3.4000000953674 
HeyerGRS 2.8309636116028 1700 1.5990778125 1.6000000238419 
HeyerGRS 5.9370226860046 2000 2.799473125 1.2999999523163 
HeyerGRS 5.1660685539246 7100 2.999508125 3.5 
HeyerGRS 2.2781105041504 7500 1.7991803125 4.5 
HeyerGRS 1.9698357582092 29000 2.39938546875 8.5 
HeyerGRS 1.0570217370987 27000 1.99926234375 6.0999999046326 
HeyerGRS 0.97705435752869 120000 4.09964 6 
HeyerGRS 2.0468966960907 16000 1.99926234375 7 
HeyerGRS 1.098287820816 1400 1.19877015625 0.89999997615814 
HeyerGRS 4.9037418365479 660 1.3989459375 1.3999999761581 
HeyerGRS 4.4022226333618 2400 1.8992234375 2.5 
HeyerGRS 2.6675698757172 11000 2.999508125 2.7999999523163 
HeyerGRS 1.6496440172195 38000 2.49940984375 8.6000003814697 
HeyerGRS 1.2898491621017 1900 1.098658203125 1.7000000476837 
HeyerGRS 2.5817587375641 76000 5.69974125 5.1999998092651 
HeyerGRS 3.4170694351196 310 1.49901625 0.40000000596046 
HeyerGRS 2.7928755283356 770 0.898359453125 2.2000000476837 
HeyerGRS 2.5771560668945 6600 2.09929734375 3.2999999523163 
HeyerGRS 6.1753101348877 1100 2.29935859375 1.1000000238419 
HeyerGRS 4.2906308174133 15000 3.1995390625 5.4000000953674 
HeyerGRS 2.5518279075623 43000 3.4995784375 7.6999998092651 
HeyerGRS 2.3156497478485 4100 1.6991321875 2.7999999523163 
HeyerGRS 2.5796279907227 13000 2.999508125 3.2000000476837 
HeyerGRS 4.4860157966614 13000 2.5994325 7.4000000953674 
HeyerGRS 1.6036072969437 15000 2.49940984375 3.2999999523163 
HeyerGRS 1.5577815771103 3400 1.49901625 2 
HeyerGRS 1.4989974498749 5300 1.49901625 3 
HeyerGRS 1.9399815797806 8600 1.49901625 6.3000001907349 
HeyerGRS 3.4167747497559 9100 2.199329375 5.5 
HeyerGRS 2.6852743625641 24000 2.199329375 11.39999961853 
HeyerGRS 5.2208228111267 12000 3.0995240625 5.5999999046326 
HeyerGRS 1.8792924880981 3000 1.19877015625 3.2999999523163 
HeyerGRS 1.4765870571136 14000 1.19877015625 12.10000038147 
HeyerGRS 3.5089654922485 2800 1.99926234375 2.0999999046326 
HeyerGRS 2.756174325943 9200 1.8992234375 6 
HeyerGRS 0.75220197439194 17000 2.799473125 1.3999999761581 
HeyerGRS 6.4128222465515 2600 2.29935859375 2.7000000476837 
HeyerGRS 9.78502368927 5700 3.59959 3.7000000476837 
HeyerGRS 1.7486904859543 800 1.298864765625 0.69999998807907 
HeyerGRS 2.8266043663025 4200 2.199329375 2.0999999046326 
HeyerGRS 1.0289542675018 570 0.898359453125 0.60000002384186 
HeyerGRS 3.7598736286163 2000 1.5990778125 2.5 
HeyerGRS 6.5229334831238 1300 2.199329375 1.5 
HeyerGRS 2.7337327003479 5000 1.7991803125 3.5999999046326 
HeyerGRS 5.8812479972839 2100 2.29935859375 2 
HeyerGRS 2.0617251396179 16000 2.09929734375 6.4000000953674 
HeyerGRS 2.2441623210907 5300 2.69945375 1.3999999761581 
HeyerGRS 1.6853560209274 290 0.898359453125 0.5 
HeyerGRS 4.26189661026 8400 3.0995240625 3.2000000476837 
HeyerGRS 3.5682544708252 14000 2.89949125 5.0999999046326 
HeyerGRS 1.7782799005508 1300 1.3989459375 1 
HeyerGRS 1.8463065624237 110000 3.39956625 15.10000038147 
HeyerGRS 2.5670340061188 560 0.998523828125 1.2000000476837 
HeyerGRS 4.4822630882263 3300 1.8992234375 3.5 
HeyerGRS 1.0736062526703 3700 1.49901625 1.5 
HeyerGRS 1.7985373735428 9700 1.5990778125 5.8000001907349 
HeyerGRS 6.4641637802124 4600 2.69945375 3.5 
HeyerGRS 2.8256440162659 360 1.6991321875 0.30000001192093 
HeyerGRS 19.432455062866 1100 3.4995784375 1.5 
HeyerGRS 1.0185495615005 1300 1.49901625 0.5 
HeyerGRS 1.8297216892242 2700 2.29935859375 0.80000001192093 
HeyerGRS 1.8863528966904 20000 2.999508125 3.5999999046326 
HeyerGRS 3.215790271759 3400 2.49940984375 1.5 
HeyerGRS 0.57382315397263 13000 1.6991321875 2.2000000476837 
HeyerGRS 3.3724925518036 3300 1.5990778125 3.7000000476837 
HeyerGRS 1.7654858827591 3000 1.49901625 2 
HeyerGRS 1.0151028633118 2600 0.898359453125 2.7000000476837 
HeyerGRS 2.631911277771 800 1.5990778125 0.69999998807907 
HeyerGRS 0.78625744581223 4300 1.8992234375 0.80000001192093 
HeyerGRS 2.5227537155151 6200 1.5990778125 5.1999998092651 
HeyerGRS 3.9242668151855 1400 1.8992234375 1.2999999523163 
HeyerGRS 0.7240788936615 270 0.898359453125 0.20000000298023 
HeyerGRS 1.0806792974472 20000 2.29935859375 3.5 
HeyerGRS 3.0307879447937 22000 2.799473125 7.3000001907349 
Wienen 1.3548178672791 241.21461486816 0.84646421875 0.34999999403954 
Wienen 1.5511718988419 216.61766052246 0.846492890625 0.36000001430511 
Wienen 0.45334151387215 2.0980346679687E+03 1.044794140625 0.70999997854233 
Wienen 1.7644217014313 826.56774902344 1.30279609375 0.69999998807907 
Wienen 0.38252598047256 494.31759643555 0.6493612890625 0.34999999403954 
Wienen 0.76885741949081 1.5168458251953E+03 1.1664346875 0.68999999761581 
Wienen 0.53781300783157 1.4849545898437E+03 0.8212959375 0.91000002622604 
Wienen 1.0184519290924 229.55963134766 0.733885703125 0.34000000357628 
Wienen 0.57262706756592 499.03665161133 0.969249765625 0.25 
Wienen 1.7982231378555 264.19866943359 1.082822890625 0.33000001311302 
Wienen 0.39525347948074 1.3380587158203E+03 0.642940625 0.87999999523163 
Wienen 0.67446142435074 749.50567626953 0.84268578125 0.55000001192093 
Wienen 0.31098937988281 2.4672341308594E+03 0.82337890625 0.89999997615814 
Wienen 0.33079943060875 3.2366740722656E+03 1.001700625 0.86000001430511 
Wienen 0.50231921672821 1.4296179199219E+03 0.811521796875 0.81999999284744 
Wienen 0.23519624769688 4.299498046875E+03 0.87841890625 0.98000001907349 
Wienen 0.86303025484085 582.01940917969 0.829616015625 0.56000000238419 
Wienen 1.2226855754852 480.68594360352 0.861337109375 0.58999997377396 
Wienen 0.62755984067917 1.9889429931641E+03 1.234090859375 0.66000002622604 
Wienen 0.49398022890091 779.86694335937 0.736450078125 0.54000002145767 
Wienen 0.26758801937103 3.2188527832031E+03 0.795702421875 1.039999961853 
Wienen 3.0573279857635 1.3426652832031E+03 2.0370846875 0.81999999284744 
Wienen 1.2771838903427 2.4880666503906E+03 1.4090109375 1.3099999427795 
Wienen 0.65636074542999 1.7889564208984E+03 1.100812890625 0.80000001192093 
Wienen 0.7215513586998 1.8738439941406E+03 1.0069509375 1.0900000333786 
Wienen 3.9771296977997 245.74201965332 1.55603 0.34000000357628 
Wienen 1.8283894062042 123.5669708252 0.797529765625 0.28000000119209 
Wienen 1.1954780817032 360.56637573242 0.757358671875 0.56999999284744 
Wienen 2.6829726696014 772.5400390625 1.648930625 0.63999998569489 
Wienen 3.6520986557007 766.19976806641 2.13817015625 0.51999998092651 
Wienen 9.6830463409424 321.85473632813 2.06104640625 0.62000000476837 
Wienen 1.4668226242065 863.17370605469 1.13187671875 0.75 
Wienen 0.45403179526329 920.35638427734 0.699433046875 0.66000002622604 
Wienen 2.2200815677643 354.08557128906 0.947298671875 0.6700000166893 
Wienen 2.2200815677643 354.08557128906 0.947298671875 0.6700000166893 
Wienen 0.71796357631683 1.7738507080078E+03 1.23166890625 0.68999999761581 
Wienen 0.60915523767471 2.2349877929688E+03 1.099728671875 0.87000000476837 
Wienen 4.7648186683655 259.07376098633 1.163594140625 0.70999997854233 
Wienen 0.3276894390583 1.7050537109375E+03 0.63092171875 1.0599999427795 
Wienen 2.0562152862549 74.167747497559 0.760060703125 0.20999999344349 
Wienen 1.2005361318588 622.75732421875 1.35765609375 0.33000001311302 
Wienen 0.80070585012436 1.1024168701172E+03 1.00926078125 0.68999999761581 
Wienen 0.71151846647263 3.7685693359375E+03 1.1077709375 1.7699999809265 
Wienen 1.3018941879272 260.58367919922 0.878325625 0.34999999403954 
Wienen 0.25198972225189 9.98570703125E+03 0.96351703125 2.1800000667572 
Wienen 0.87343406677246 602.28210449219 0.7077265625 0.75 
Wienen 0.51488375663757 322.01892089844 0.5802155078125 0.37000000476837 
Wienen 0.84286105632782 1.7112353515625E+03 1.25348046875 0.75999999046326 
Wienen 0.87314051389694 38.33833694458 0.459587109375 0.10999999940395 
Wienen 1.7824459075928 2.1955576171875E+03 2.10666875 0.74000000953674 
Wienen 0.84260720014572 1.6621470947266E+03 1.03117796875 1.0599999427795 
Wienen 0.83030122518539 1.6318352050781E+03 1.143590625 0.86000001430511 
Wienen 0.18282425403595 1.4412364501953E+03 0.437273515625 0.9200000166893 
Wienen 0.53947728872299 4.0363891601562E+03 1.044496875 1.6200000047684 
Wienen 1.3261271715164 235.66291809082 0.80115546875 0.37999999523163 
Wienen 2.0457928180695 165.92250061035 0.95030828125 0.30000001192093 
Wienen 0.6482966542244 1.0076522216797E+03 0.89536296875 0.64999997615814 
Wienen 3.3054983615875 241.07978820801 1.66034671875 0.23999999463558 
Wienen 2.7890453338623 395.38522338867 1.50022359375 0.40999999642372 
Wienen 2.6689043045044 416.79064941406 1.56357796875 0.37999999523163 
Wienen 2.5536880493164 44.320125579834 0.689937421875 0.18000000715256 
Wienen 0.81660234928131 404.80282592773 1.0986509375 0.21999999880791 
Wienen 1.9351272583008 206.73704528809 1.203549296875 0.21999999880791 
Wienen 0.43615084886551 465.72500610352 0.576018671875 0.46000000834465 
Wienen 0.74941295385361 983.28717041016 0.9328115625 0.6700000166893 
Wienen 0.62484234571457 18.438770294189 0.32345328125 0.070000000298023 
Wienen 0.4366260766983 373.27157592773 0.520224453125 0.43999999761581 
Wienen 0.88378345966339 720.33386230469 0.994818046875 0.5 
Wienen 0.69602590799332 1.038763671875E+03 0.93313140625 0.66000002622604 
Wienen 0.60881346464157 395.23681640625 0.5795209765625 0.52999997138977 
Wienen 0.3819787800312 1.4765916748047E+03 0.800555625 0.68000000715256 
Wienen 0.31656140089035 1.6295477294922E+03 0.68569296875 0.8299999833107 
Wienen 0.33111274242401 1.5005655517578E+03 0.672353828125 0.81999999284744 
Wienen 0.33111274242401 1.5005655517578E+03 0.672353828125 0.81999999284744 
Wienen 0.38709336519241 1.683884765625E+03 0.758757265625 0.87999999523163 
Wienen 0.46218195557594 710.13128662109 0.868734453125 0.34000000357628 
Wienen 0.5939325094223 1.6768061523438E+03 1.01052203125 0.79000002145767 
Wienen 2.4205811023712 956.52166748047 1.4342684375 0.9200000166893 
Wienen 0.84919571876526 367.61846923828 0.87288546875 0.31999999284744 
Wienen 0.44691571593285 3.5101350097656E+03 0.993796953125 1.289999961853 
Wienen 0.49315342307091 5.029916015625E+03 1.096414140625 1.7000000476837 
Wienen 0.47916486859322 1.1290360107422E+03 0.7200840625 0.80000001192093 
Wienen 1.1655467748642 1.3080646972656E+03 1.6318103125 0.47999998927116 
Wienen 0.31632706522942 453.97729492187 0.469391875 0.46999999880791 
Wienen 1.0622445344925 979.90856933594 0.91164828125 0.99000000953674 
Wienen 0.31280267238617 389.04415893555 0.443800625 0.43999999761581 
Wienen 2.0548892021179 1.4955245361328E+03 1.81046859375 0.79000002145767 
Wienen 0.93941026926041 1.6610343017578E+03 1.4421825 0.61000001430511 
Wienen 0.77756959199905 766.36505126953 0.719258125 0.87000000476837 
Wienen 0.2775554060936 1.9728304443359E+03 0.635949453125 1.039999961853 
Wienen 0.71246391534805 2.25138671875E+03 1.044250625 1.1900000572205 
Wienen 0.41121181845665 965.27655029297 0.635655625 0.75 
Wienen 0.64980429410934 429.0517578125 0.69442296875 0.43999999761581 
Wienen 0.63161778450012 613.13671875 0.6503595703125 0.6700000166893 
Wienen 0.3348933160305 814.72595214844 0.558761484375 0.64999997615814 
Wienen 1.5116437673569 378.82196044922 0.886825390625 0.5799999833107 
Wienen 1.3130702972412 278.79730224609 0.868888046875 0.37999999523163 
Wienen 0.46299010515213 1.4837939453125E+03 0.8557909375 0.73000001907349 
Wienen 2.304149389267 973.61462402344 1.78916125 0.58999997377396 
Wienen 0.90697515010834 315.43310546875 0.7076940625 0.43999999761581 
Wienen 0.85911971330643 987.17523193359 0.86475828125 0.88999998569489 
Wienen 0.76404595375061 4.8123515625E+03 1.99768171875 0.77999997138977 
Wienen 0.57671570777893 4.397765625E+03 1.767303125 0.68000000715256 
Wienen 0.32554575800896 7.59700390625E+03 1.6140109375 0.79000002145767 
Wienen 0.30535373091698 3.2213125E+03 1.073834765625 0.68999999761581 
Wienen 1.2602210044861 199.27001953125 0.694995703125 0.40000000596046 
Wienen 0.27854555845261 6.2455795898438E+03 1.133355234375 1.1000000238419 
Wienen 1.1996302604675 2.1808142089844E+03 1.269472734375 1.3300000429153 
Wienen 0.31241765618324 2.6471525878906E+03 0.9839003125 0.68000000715256 
Wienen 0.69823110103607 625.79968261719 0.69660375 0.66000002622604 
Wienen 0.69455116987228 1.4389477539063E+03 0.904130546875 0.98000001907349 
Wienen 0.60490071773529 931.76910400391 0.77578578125 0.73000001907349 
Wienen 0.67725402116776 347.3122253418 0.6423026953125 0.41999998688698 
Wienen 0.69074636697769 713.32580566406 0.715241875 0.73000001907349 
Wienen 0.21876585483551 847.36883544922 0.407376875 0.73000001907349 
Wienen 0.73146629333496 1.3856419677734E+03 0.756310390625 1.3200000524521 
Wienen 6.3849177360535 270.42868041992 1.39059671875 0.72000002861023 
Wienen 1.1928021907806 1.2059606933594E+03 1.12846109375 0.91000002622604 
Wienen 0.11945147067308 5.5770869140625E+03 0.721036875 1 
Wienen 1.0735574960709 268.08294677734 0.740849765625 0.40000000596046 
Wienen 1.5434951782227 1.0788619384766E+03 1.46480703125 0.63999998569489 
Wienen 1.2774699926376 1.1566232910156E+03 1.5377734375 0.51999998092651 
Wienen 0.23519210517406 768.91302490234 0.3521605859375 0.81000000238419 
Wienen 0.46764802932739 839.75988769531 0.67346078125 0.66000002622604 
Wienen 0.61982810497284 407.32290649414 0.6447306640625 0.46999999880791 
Wienen 0.79009836912155 338.13418579102 0.725828515625 0.40000000596046 
Wienen 0.76494991779327 1.5171751708984E+03 1.11690515625 0.75999999046326 
Wienen 2.6145765781403 97.292640686035 0.6876090625 0.38999998569489 
Wienen 0.40349593758583 517.37475585937 0.5411285546875 0.51999998092651 
Wienen 0.59080284833908 799.33569335938 0.948844296875 0.40999999642372 
Wienen 2.5180420875549 186.27572631836 0.889288671875 0.46000000834465 
Wienen 0.70104551315308 625.79528808594 0.8415246875 0.46999999880791 
Wienen 1.0278177261353 847.98223876953 0.915740859375 0.81999999284744 
Wienen 0.47700378298759 1.681484375E+03 1.247894765625 0.41999998688698 
Wienen 0.49698796868324 787.79748535156 0.70354390625 0.61000001430511 
Wienen 0.87195843458176 449.72146606445 0.851427578125 0.41999998688698 
Wienen 2.9385457038879 97.32551574707 0.92784890625 0.25999999046326 
Wienen 0.76304268836975 1.1254611816406E+03 0.954283046875 0.75 
Wienen 0.90600192546844 498.5947265625 0.89545234375 0.44999998807907 
Wienen 1.5922702550888 999.16833496094 1.49990984375 0.58999997377396 
Wienen 0.44019946455956 1.7241695556641E+03 1.3163140625 0.36000001430511 
Wienen 1.1626294851303 1.2715252685547E+03 1.15547984375 0.91000002622604 
Wienen 0.54768913984299 1.2862473144531E+03 0.793124453125 0.87999999523163 
Wienen 0.95101749897003 382.48251342773 0.641418203125 0.63999998569489 
Wienen 0.32353475689888 2.3369069824219E+03 0.8351859375 0.85000002384186 
Wienen 0.41135841608047 1.7115932617187E+03 0.674454296875 1.1100000143051 
Wienen 0.20748148858547 5.0889169921875E+03 0.853306171875 1.1599999666214 
Wienen 0.33312475681305 2.3096967773438E+03 0.788803515625 0.97000002861023 
Wienen 0.3496789932251 1.9511715087891E+03 0.757941484375 0.91000002622604 
Wienen 0.30609923601151 738.62847900391 0.6050382421875 0.46000000834465 
Wienen 3.2641806602478 274.28103637695 1.60598796875 0.28999999165535 
Wienen 0.1611320078373 8.427283203125E+03 1.286033984375 0.6700000166893 
Wienen 0.19642040133476 5.3697670898437E+03 0.92382765625 0.97000002861023 
Wienen 0.57344305515289 686.07177734375 0.813245 0.46000000834465 
Wienen 0.58527415990829 3.8853862304687E+03 1.270733515625 1.1699999570847 
Wienen 0.45759046077728 583.96575927734 0.6046612109375 0.54000002145767 
Wienen 1.4282994270325 457.61376953125 1.174582421875 0.37999999523163 
Wienen 0.36735373735428 1.0766696777344E+03 0.779079375 0.5 
Wienen 4.8540005683899 101.56140899658 1.264271015625 0.25 
Wienen 3.7778303623199 125.09738922119 1.176452265625 0.28000000119209 
Wienen 0.51204085350037 544.66363525391 0.638736328125 0.50999999046326 
Wienen 0.37708473205566 744.77630615234 0.75071109375 0.38999998569489 
Wienen 0.85899460315704 1.0187182006836E+03 1.094915 0.58999997377396 
Wienen 0.32234379649162 1.0624708251953E+03 0.92014328125 0.31999999284744 
Wienen 0.49228885769844 1.8667071533203E+03 1.042702109375 0.6700000166893 
Wienen 0.45900166034698 1.6870177001953E+03 0.742282734375 1.1000000238419 
Wienen 0.90882343053818 259.65914916992 0.6371276171875 0.41999998688698 
Wienen 0.43112656474113 1.1178402099609E+03 0.643619609375 0.87999999523163 
Wienen 0.36575880646706 506.13925170898 0.574838125 0.40999999642372 
Wienen 1.6550087928772 216.78259277344 0.865451015625 0.37999999523163 
Wienen 0.23016279935837 2.1298666992187E+03 0.579533515625 1.0800000429153 
Wienen 1.9870644807816 2.3788674316406E+03 1.797464375 1.2300000190735 
Wienen 0.33259296417236 1.1456499023438E+03 0.6481009375 0.68999999761581 
Wienen 0.46731090545654 420.57833862305 0.488759609375 0.56999999284744 
Wienen 0.43099203705788 765.29968261719 0.698103203125 0.50999999046326 
Wienen 0.82015186548233 1.9321376953125E+03 1.143043203125 1 
Wienen 0.64985722303391 255.77212524414 0.735589765625 0.23000000417233 
Wienen 1.2221174240112 239.23089599609 0.795089375 0.34999999403954 
Wienen 1.1436824798584 488.89825439453 1.04321390625 0.40999999642372 
Wienen 0.90320098400116 117.35299682617 0.6184688671875 0.20999999344349 
Wienen 0.071472831070423 5.8635751953125E+03 0.4099543359375 1.5599999427795 
Wienen 1.3172031641006 1.7013525390625E+03 1.3258771875 1.0599999427795 
Wienen 0.72509276866913 2.8647331542969E+03 1.10409921875 1.3899999856949 
Wienen 1.7275762557983 787.82250976562 1.21365 0.75 
Wienen 0.4750120639801 391.32284545898 0.6017546484375 0.38999998569489 
Wienen 0.42524912953377 1.9557316894531E+03 0.86947140625 0.87000000476837 
Wienen 0.64838224649429 949.29528808594 1.057778515625 0.44999998807907 
Wienen 0.53998476266861 533.12127685547 0.932270390625 0.25999999046326 
Wienen 1.8580455780029 196.23486328125 0.8513278125 0.38999998569489 
Wienen 2.0932440757751 1.443486328125E+03 1.3794190625 1.2999999523163 
Wienen 0.8098201751709 3.8716330566406E+03 1.3630934375 1.3899999856949 
Wienen 0.74073702096939 5.142953125E+03 1.4570503125 1.4900000095367 
Wienen 0.84929102659225 4.233744140625E+03 1.84920734375 0.88999998569489 
Wienen 0.44235378503799 1.6934080078125E+04 2.775413125 0.8299999833107 
Wienen 0.31417116522789 3.3721989746094E+03 0.759661640625 1.4500000476837 
Wienen 0.36722755432129 552.33972167969 0.6252230859375 0.37999999523163 
Wienen 1.3478790521622 1.5398420410156E+03 1.16578765625 1.2200000286102 
Wienen 0.41537454724312 793.37811279297 0.720434375 0.49000000953674 
Wienen 1.1179332733154 190.6439666748 0.64221578125 0.37999999523163 
Wienen 0.80956000089645 1.0621690673828E+03 1.205082421875 0.47999998927116 
Wienen 0.84843111038208 423.11669921875 0.80009484375 0.43000000715256 
Wienen 0.34470796585083 2.3716762695313E+03 0.869010859375 0.85000002384186 
Wienen 0.69601488113403 513.10516357422 0.805420078125 0.43000000715256 
Wienen 0.92376554012299 556.01995849609 0.913456171875 0.5 
Wienen 0.17928510904312 8.9649423828125E+03 0.857594921875 1.75 
Wienen 0.27263894677162 4.8864228515625E+03 0.85362171875 1.4700000286102 
Wienen 0.48769220709801 2.2822922363281E+03 1.005294296875 0.87999999523163 
Wienen 0.091400787234306 7.431966796875E+03 0.483504609375 1.960000038147 
Wienen 0.50467431545258 723.77600097656 0.73250578125 0.51999998092651 
Wienen 0.31534343957901 3.5350910644531E+03 0.91657765625 1.0599999427795 
Wienen 1.0480712652206 1.5841260986328E+03 1.287434921875 0.8299999833107 
Wienen 0.23711538314819 2.1459055175781E+03 0.5785111328125 1.1000000238419 
Wienen 0.54168802499771 1.1014901123047E+03 0.904774375 0.58999997377396 
Wienen 0.50731861591339 385.11676025391 0.681822265625 0.31999999284744 
Wienen 0.30121552944183 866.26531982422 0.591051875 0.54000002145767 
Wienen 2.5028705596924 71.374404907227 0.8037103125 0.20999999344349 
Wienen 3.1972703933716 231.94721984863 1.452094375 0.28999999165535 
Wienen 1.4710458517075 291.28713989258 1.056844609375 0.31000000238419 
Wienen 3.1188743114471 110.68204498291 0.761345 0.44999998807907 
Wienen 1.1410963535309 492.60116577148 0.854860546875 0.58999997377396 
Wienen 1.3548178672791 241.21461486816 0.84646421875 0.34999999403954 
Wienen 2.4759042263031 166.43663024902 0.996499375 0.33000001311302 
Wienen 1.5511718988419 216.61766052246 0.846492890625 0.36000001430511 
Wienen 0.38252598047256 494.31759643555 0.6493612890625 0.34999999403954 
Wienen 0.53781300783157 1.4849545898437E+03 0.8212959375 0.91000002622604 
Wienen 0.63858914375305 417.55276489258 0.6378088671875 0.47999998927116 
Wienen 0.67446142435074 749.50567626953 0.84268578125 0.55000001192093 
Wienen 0.43905061483383 1.8148078613281E+03 1.001700625 0.63999998569489 
Wienen 0.39345067739487 2.0921018066406E+03 0.834758828125 0.9200000166893 
Wienen 0.66004550457001 1.6879973144531E+03 1.239186171875 0.58999997377396 
Wienen 0.77270662784576 409.29592895508 0.6506728515625 0.55000001192093 
Wienen 0.49516314268112 1.8821608886719E+03 0.924098046875 0.86000001430511 
Wienen 0.43025013804436 883.87579345703 0.699367109375 0.60000002384186 
Wienen 0.86303025484085 582.01940917969 0.829616015625 0.56000000238419 
Wienen 0.6082911491394 876.71362304688 0.87334953125 0.55000001192093 
Wienen 1.2226855754852 480.68594360352 0.861337109375 0.58999997377396 
Wienen 0.62755984067917 1.9889429931641E+03 1.234090859375 0.66000002622604 
Wienen 0.49398022890091 779.86694335937 0.736450078125 0.54000002145767 
Wienen 0.26758801937103 3.2188527832031E+03 0.795702421875 1.039999961853 
Wienen 3.541755437851 438.91455078125 1.648930625 0.47999998927116 
Wienen 2.2200815677643 354.08557128906 0.947298671875 0.6700000166893 
Wienen 2.2200815677643 354.08557128906 0.947298671875 0.6700000166893 
Wienen 0.60881346464157 395.23681640625 0.5795209765625 0.52999997138977 
Wienen 0.43453875184059 1.1452847900391E+03 0.800555625 0.60000002384186 
Wienen 0.4352131485939 863.19055175781 0.672353828125 0.62000000476837 
Wienen 0.4352131485939 863.19055175781 0.672353828125 0.62000000476837 
Wienen 0.51296675205231 938.57623291016 0.758757265625 0.64999997615814 
Wienen 1.0073471069336 1.9822331542969E+03 1.677455 0.58999997377396 
Wienen 0.92743897438049 1.3371140136719E+03 1.044250625 0.9200000166893 
Wienen 0.79885536432266 618.02801513672 0.737200859375 0.69999998807907 
Wienen 0.54409319162369 790.30395507812 0.73723703125 0.61000001430511 
Wienen 0.11379655450583 2.7786157226562E+03 0.5249941015625 0.85000002384186 
Wienen 1.2219990491867 956.14727783203 1.24104671875 0.62999999523163 
Wienen 0.86160212755203 868.4365234375 0.86120171875 0.80000001192093 
Wienen 0.590396463871 791.69647216797 0.664628125 0.80000001192093 
Wienen 0.92186266183853 506.99749755859 0.7239978125 0.68000000715256 
Wienen 0.86960107088089 457.94738769531 0.715241875 0.58999997377396 
Wienen 0.26045793294907 594.73211669922 0.407376875 0.61000001430511 
Wienen 0.65849655866623 712.46417236328 0.745602421875 0.64999997615814 
Wienen 0.73291820287704 837.39660644531 0.979842578125 0.50999999046326 
sridharan 2.2026610374451 55.581195831299 0.5881659765625 0.26320001482964 
sridharan 3.5215561389923 59.397312164307 0.925723203125 0.18529999256134 
sridharan 1.6580889225006 76.196311950684 0.5891962890625 0.27689999341965 
sridharan 1.4870942831039 91.683525085449 0.67476359375 0.23420000076294 
sridharan 1.3760221004486 225.60159301758 0.8019696875 0.38190001249313 
sridharan 2.3561487197876 75.631492614746 0.6314444921875 0.34119999408722 
sridharan 1.459358215332 153.22143554688 0.715747109375 0.33390000462532 
sridharan 1.3601008653641 67.988578796387 0.75942203125 0.12610000371933 
sridharan 0.88681662082672 88.259582519531 0.459587109375 0.25720000267029 
sridharan 9.3791675567627 3.4277575016022 0.63102171875 0.061099998652935 
sridharan 5.9833617210388 4.3863410949707 0.6319437890625 0.050700001418591 
sridharan 2.2648098468781 69.969604492187 0.844078046875 0.17569999396801 
Tan2013 1.4164726734161 11.20814037323 0.363063984375 0.081799998879433 
Tan2013 0.38890200853348 43.241279602051 0.360809453125 0.087499998509884 
Tan2013 0.71805411577225 4.504011631012 0.1644215625 0.044599998742342 
Tan2013 2.0609238147736 3.2794184684753 0.3720530078125 0.033500000834465 
Tan2013 4.1334767341614 1.6743023395538 0.28308029296875 0.051600001752377 
Tan2013 5.9383964538574 0.57147669792175 0.2335261328125 0.032499998807907 
